2.081340841630604732e+00 -3.912056369954631574e+00 9.901837218705544785e-01 5.000000000000000000e+00
4.708376692444609546e+00 7.942060241732743497e-01 1.918091792074485724e+01 5.000000000000000000e+00
2.886455459806044566e+00 1.215070166195836743e+00 1.030715217464885214e+01 5.000000000000000000e+00
1.069304124074097917e+00 3.442441775886976529e+00 2.178848025562534207e+00 5.000000000000000000e+00
9.156016041516491788e-02 -3.804778449144572861e+00 1.988259548515893815e+00 5.000000000000000000e+00
-1.793480269015975459e+00 3.992674221674088475e-01 3.646192347845511605e-01 5.000000000000000000e+00
2.083831587104161720e+00 2.379899899462982749e+00 1.258140707103390810e+01 5.000000000000000000e+00
-5.118570178477594920e-03 2.427066754306840268e-01 1.909473279234207865e+01 5.000000000000000000e+00
5.618206517612470918e+00 -5.759502497424265899e-01 1.847208281622744153e+01 5.000000000000000000e+00
6.189149143085571625e-01 -5.272099293412770393e+00 1.854308442761453435e+01 5.000000000000000000e+00
7.409918143688940528e-01 3.001792294619498591e+00 1.340076722009263577e+01 5.000000000000000000e+00
-2.328726988158637545e-01 -2.445417287486748137e+00 9.257111979716373895e+00 5.000000000000000000e+00
1.854396948507818221e-01 -5.219018221016852976e+00 1.797897271921283391e+01 5.000000000000000000e+00
-1.805221583060804047e+00 -3.965562756194682237e+00 1.084762446379281542e+01 5.000000000000000000e+00
3.607758857356944127e+00 -2.557761951075707141e-01 2.289252227614799740e+00 5.000000000000000000e+00
-5.229245236087436410e+00 -1.871809493721683815e+00 1.458207625800140050e+01 5.000000000000000000e+00
-4.784560194222406082e+00 -1.623401343942024067e+00 5.448337755010975059e+00 5.000000000000000000e+00
-3.899713860291893763e-02 -2.914874599266279454e+00 1.117380105672791935e+01 5.000000000000000000e+00
-5.276884787985004266e+00 -3.028399674728793123e+00 1.489633138281055658e+01 5.000000000000000000e+00
7.090264859082316962e-01 6.702505351322254334e-01 7.885374672598763901e+00 5.000000000000000000e+00
1.258719143191618040e+00 -1.402176083395669126e+00 3.256738223323951686e+00 5.000000000000000000e+00
-2.305386545955171673e+00 -8.795086281537363160e-01 5.292602090951747940e-01 5.000000000000000000e+00
-1.328860885261196056e+00 -4.262313197183026148e+00 4.771630450678722823e+00 5.000000000000000000e+00
2.677267453443469503e+00 -3.556787651730216382e+00 8.448642642834848004e+00 5.000000000000000000e+00
-1.552420480647559664e+00 3.301769129293080418e+00 5.233541894901199143e+00 5.000000000000000000e+00
-6.285451878569049411e-01 1.042558029986472956e+00 1.595472114845250289e+01 5.000000000000000000e+00
-3.539812163929130229e+00 1.602682486661734407e+00 6.510686163850973429e+00 5.000000000000000000e+00
-5.298972734740736712e-01 2.027964782393242960e+00 3.288167277033953173e+00 5.000000000000000000e+00
-9.159501602607289517e-01 -7.612590997939674420e-01 1.902697588992650068e+01 5.000000000000000000e+00
4.660599916149882560e+00 -2.075869598164693741e+00 1.320096947930329279e+01 5.000000000000000000e+00
5.173170143696518508e+00 7.432316043224133917e-02 8.162695148522960409e+00 5.000000000000000000e+00
-4.882929616550945040e-01 -3.098254767470923099e+00 9.435587215985174581e+00 5.000000000000000000e+00
4.757109315336620625e+00 -7.724733338052895970e-01 2.292222395467893303e+00 5.000000000000000000e+00
-1.373096199723645938e+00 8.922877510797573575e-02 1.203520510386943965e+00 5.000000000000000000e+00
4.121264117444851216e+00 3.337430434531415191e+00 1.443393454645065432e+01 5.000000000000000000e+00
7.100444088509567930e-02 3.468095958613993668e-01 1.725547196183201137e+01 5.000000000000000000e+00
3.423455916559663414e-01 5.665646178268049837e+00 1.626353207567290937e+01 5.000000000000000000e+00
-1.166921959291565392e+00 2.003915499128844147e+00 4.965917420401466664e-01 5.000000000000000000e+00
-2.287503172864730483e-01 8.211262186675841734e-01 1.063680768327557580e+01 5.000000000000000000e+00
9.585377609308411984e-01 -2.802022810330486724e+00 1.839501714154479473e+01 5.000000000000000000e+00
2.813216709317208242e+00 -2.788219563067174112e-01 2.416021851148189015e+00 5.000000000000000000e+00
5.616684855302249701e-01 3.906625085709838352e+00 2.649864209166423734e+00 5.000000000000000000e+00
-7.795007274920218165e-01 3.267982002234751882e+00 1.220545443227814886e+01 5.000000000000000000e+00
-1.062411206359560989e+00 -3.289835673712594666e+00 7.467492598055085473e+00 5.000000000000000000e+00
-4.051396117158580168e+00 3.142168332477433434e+00 1.432145033041019033e+00 5.000000000000000000e+00
2.713213272714013247e+00 -2.345094807520774483e-01 1.674410061799967764e+01 5.000000000000000000e+00
-1.317442984042127563e+00 -2.652880857787916824e+00 1.694781231774047470e+01 5.000000000000000000e+00
-8.091547455661401989e-01 -2.180807557071346103e+00 1.834779365329651313e+01 5.000000000000000000e+00
5.759109806082609140e+00 1.458032811082561109e+00 2.349987819062648864e+00 5.000000000000000000e+00
7.262395869002905791e+00 -6.925654372427989536e-01 6.497539738565225598e+00 5.000000000000000000e+00
1.177206448175267761e+00 2.666573694350825807e+00 8.614082458139986187e+00 5.000000000000000000e+00
4.619368019875934372e+00 -1.452100603867786166e+00 1.391725911878460842e+01 5.000000000000000000e+00
-2.411466921393850882e+00 -5.384616607063007487e-01 1.148238999575007036e+01 5.000000000000000000e+00
-3.373123864220784363e+00 1.183788319400934430e+00 1.017952355846922430e+01 5.000000000000000000e+00
3.919364803155020560e+00 -6.337983776484239495e-01 1.654983429066707501e+01 5.000000000000000000e+00
-5.243319443399484747e+00 1.127345065057253670e+01 1.227830182622028765e+01 5.000000000000000000e+00
2.166838894060498344e+00 7.311391904750365045e-01 1.009374325412983708e+01 5.000000000000000000e+00
8.392138324741886812e-01 -2.674919043646039607e-01 8.551243519742296684e+00 5.000000000000000000e+00
-3.096446518774031542e+00 3.152006997608807204e+00 4.530190151367334828e+00 5.000000000000000000e+00
2.278911735064363953e+00 -1.029888841059078519e+00 1.607491946784112358e+01 5.000000000000000000e+00
-7.074735540102341513e-01 4.152203991048684983e+00 7.369171963677656478e-01 5.000000000000000000e+00
-3.010227642667966386e+00 -1.958982894464452729e-01 1.828977500562884018e+01 5.000000000000000000e+00
-1.928088969057442759e+00 -2.019107597518900121e+00 1.861504532784356769e+01 5.000000000000000000e+00
6.357217150725793076e+00 -4.465839540074826530e+00 1.648371986627682872e+01 5.000000000000000000e+00
-3.703547564032009465e+00 -3.264185546552827333e+00 1.239513359467554210e+01 5.000000000000000000e+00
4.256068180727471395e-01 1.256989842603851049e+00 6.699704221278097727e+00 5.000000000000000000e+00
-1.474859385383233912e+00 -1.199522202745891164e+00 1.462942196620149460e+00 5.000000000000000000e+00
-1.953818121246146067e+00 -7.847264548438070975e-01 3.670842828775775502e+00 5.000000000000000000e+00
1.057602220336032683e+00 -3.615015534154730759e-01 4.543788857216166654e+00 5.000000000000000000e+00
-6.196194500367749214e+00 2.354442410689875143e+00 1.928485862897055014e+01 5.000000000000000000e+00
5.182837971734479687e-01 2.967995730108478725e+00 1.519412745226680883e+01 5.000000000000000000e+00
-6.696891821641518527e-01 2.375434421224938697e-01 1.484455667692666481e+01 5.000000000000000000e+00
3.832211647320786341e+00 -6.065633433288156184e-02 2.616319240824820369e+00 5.000000000000000000e+00
3.361813722702791551e+00 -4.409854414020530022e+00 1.616755892843252340e+01 5.000000000000000000e+00
3.365691686952435369e+00 -1.294210084735619715e+00 2.515722817015526580e+00 5.000000000000000000e+00
2.534027653228016597e+00 6.724167893519188866e+00 1.221343752603208088e+01 5.000000000000000000e+00
3.578540350029030037e+00 -6.089775341825742760e-01 7.119553507895915345e+00 5.000000000000000000e+00
3.450368990041637884e-01 -9.126409662502638298e+00 1.155531028407970062e+01 5.000000000000000000e+00
-1.890499949520679790e-01 -1.632975780117683406e+00 1.932991528415151450e+01 5.000000000000000000e+00
-2.047778904095653996e+00 8.236743498801379904e-01 1.349662778234729466e+01 5.000000000000000000e+00
-3.125838577038552391e+00 3.296767474274671095e-01 1.239238748901518683e+01 5.000000000000000000e+00
-1.135437673317210239e+00 -1.710239622952607341e+00 8.453450189205920395e+00 5.000000000000000000e+00
-1.842278815067050379e+00 2.561917095747014983e+00 3.815091318893493177e+00 5.000000000000000000e+00
-1.711340823695347568e+00 2.107929989484139899e+00 1.678695591070474080e+01 5.000000000000000000e+00
3.968121189314230968e+00 -7.034401352547130060e+00 1.844709058361896226e+01 5.000000000000000000e+00
-2.250167036472225046e+00 4.062540170232863623e+00 1.175160856341750915e+01 5.000000000000000000e+00
1.792582404654193384e+00 6.495451677933237189e-01 4.957932173438431178e+00 5.000000000000000000e+00
-3.427924396838628152e+00 5.796679143631742193e-01 3.488728936537655034e+00 5.000000000000000000e+00
1.314410938763569403e+00 1.466584087339983578e+00 1.692888056245072903e+01 5.000000000000000000e+00
-2.552653602687968259e+00 2.751046254448410000e+00 9.873026764585544512e+00 5.000000000000000000e+00
3.137267131418122745e-01 2.895574796502062398e+00 1.901011250539608177e-01 5.000000000000000000e+00
3.543675599582515323e-01 2.855121649907061965e-01 8.184773024386437612e+00 5.000000000000000000e+00
1.948984115747479207e+00 -1.581337381032119627e-01 3.826925709768420614e+00 5.000000000000000000e+00
-1.139975783595250869e+00 1.653911350321247031e+00 6.881343249842101883e+00 5.000000000000000000e+00
4.751132996721040058e+00 -4.759849085003206248e+00 1.852965730730816318e+01 5.000000000000000000e+00
6.269346262680183024e+00 9.438361935529259839e+00 3.277581861607858915e+00 5.000000000000000000e+00
9.797368267323036672e-01 -2.036728322246784906e+00 3.383200083049289209e+00 5.000000000000000000e+00
4.486944084337852745e-01 4.575176798517101240e+00 1.160798268594800398e+00 5.000000000000000000e+00
1.783258989319454813e+00 -3.498778695939662509e+00 8.846264031394937888e+00 5.000000000000000000e+00
7.601941010048021141e+00 1.309322943913087567e+00 6.303307032665999010e+00 5.000000000000000000e+00
4.486968060522542601e+00 4.107813337936137899e+00 5.149996557147829002e+00 5.000000000000000000e+00
4.538647056366068355e+00 3.968452355965999545e-01 1.373785636810366917e+01 5.000000000000000000e+00
-2.221214050317351918e-01 1.489486808185992439e-01 1.708241449361001685e+01 5.000000000000000000e+00
1.930892208274336053e+00 -5.068355431896744978e-01 7.297008170189737797e+00 5.000000000000000000e+00
1.716589241776410368e+00 -3.122241930731207149e-01 1.964399879466991461e+00 5.000000000000000000e+00
3.549946046716132564e+00 -3.784119503814653562e+00 1.366652741025175466e+01 5.000000000000000000e+00
-4.584220923809604331e-01 8.907624343713593795e-01 1.428773935115514959e+01 5.000000000000000000e+00
-4.455240135689291670e+00 5.102341473232216984e+00 5.681133464674013034e+00 5.000000000000000000e+00
-9.978572887673200498e-01 -5.900912109714069320e-01 1.783053297641779267e+01 5.000000000000000000e+00
1.067868121698137829e+00 -1.708153358989396242e+00 1.158832954559477457e+01 5.000000000000000000e+00
5.501150154948044602e-01 -1.934377685875576791e+00 8.103590766295285519e+00 5.000000000000000000e+00
1.905231829701575785e+00 3.501343735645491506e+00 4.813506471609361625e+00 5.000000000000000000e+00
2.606556172899215262e+00 5.229236088663860027e-01 2.261387432639327955e+00 5.000000000000000000e+00
1.537732136535530092e+00 -1.652492860054678714e-01 4.035327743928731614e+00 5.000000000000000000e+00
7.593531380168279110e-01 1.786342035679792245e-02 6.914869864373849317e+00 5.000000000000000000e+00
4.105709605841404652e+00 6.727496404130898000e+00 1.343918297478037260e+00 5.000000000000000000e+00
-2.841695519228033540e+00 1.385063549365060709e+00 9.197731713884071070e+00 5.000000000000000000e+00
1.224605413512481755e+00 -1.334360752318612953e+00 2.020873229728792353e-01 5.000000000000000000e+00
-1.285645932667534685e+00 5.712620713851338516e-01 1.558046171527270651e+01 5.000000000000000000e+00
-3.279686032124490502e+00 -2.252451520052488387e+00 7.477790440908131941e+00 5.000000000000000000e+00
-6.300966210439021609e+00 2.526450012079780816e+00 9.470040508274632174e+00 5.000000000000000000e+00
3.647428444883904497e+00 2.559710005472777272e+00 4.511159708421512704e+00 5.000000000000000000e+00
2.218127901067412200e+00 -1.641519935884805381e+00 1.404054924285191142e+01 5.000000000000000000e+00
2.393796894994519420e+00 4.458709310828183447e+00 8.639385181145087245e-01 5.000000000000000000e+00
1.221626820497555332e+00 -3.138468218635089846e-01 6.334315836125519183e+00 5.000000000000000000e+00
-9.566058006097082345e-01 -4.358348555283497738e+00 9.207816685748245078e+00 5.000000000000000000e+00
2.453133698434456722e+00 5.655393592707128603e-01 1.086690676195209093e+01 5.000000000000000000e+00
-3.503701117068578785e+00 -2.047536438466332154e+00 1.752014450833656056e+01 5.000000000000000000e+00
5.058789918362817772e+00 2.597914460332012343e+00 3.394868118895424391e+00 5.000000000000000000e+00
1.349803934681061968e+00 -2.089948844958405605e+00 3.170285576738449684e+00 5.000000000000000000e+00
1.472006265617039844e+00 1.532231004090927495e+00 8.557635228095495705e+00 5.000000000000000000e+00
1.150354283792608179e+00 2.489832576169738854e+00 3.499049672317404713e+00 5.000000000000000000e+00
-2.731984108367203845e+00 2.826252924476713613e+00 7.958230372712669087e+00 5.000000000000000000e+00
4.609049879013107365e+00 2.880525762950524538e+00 5.480579745262539326e+00 5.000000000000000000e+00
-1.111520698668139628e+00 7.375436271556955470e-01 1.336646568862320095e+01 5.000000000000000000e+00
6.191585866143485717e+00 5.710032762600928402e-01 5.673552830213681730e+00 5.000000000000000000e+00
2.079332930645545474e+00 5.972697812113825222e+00 1.747086380509327341e+01 5.000000000000000000e+00
-2.570774592477599985e+00 3.430662085496227753e-01 1.264267256401542738e+01 5.000000000000000000e+00
2.625734146978325523e+00 1.798233959192330200e+00 8.203961236424873960e+00 5.000000000000000000e+00
1.758141043287252625e+00 -4.393016739272282756e+00 1.248207557253318711e+01 5.000000000000000000e+00
-8.846486208696277553e-02 8.742571292619494283e-01 1.776764848171272959e+01 5.000000000000000000e+00
-5.443295819779860878e+00 -1.324376109696284942e+00 1.774097453069302688e+01 5.000000000000000000e+00
2.790439608840094454e+00 -3.131415987519939215e+00 5.403046525216299578e+00 5.000000000000000000e+00
-1.021826082029777094e+00 -1.593443441109222203e+00 4.194303779266068233e+00 5.000000000000000000e+00
3.466347236331316140e+00 1.028701448696896836e+00 7.448180240882289027e+00 5.000000000000000000e+00
-3.859734849097217868e+00 -1.600068228878179566e+00 1.425598415512605754e+01 5.000000000000000000e+00
4.863970363965020027e-01 5.351228979080365988e+00 1.439760713313372342e+01 5.000000000000000000e+00
-5.853731979523669082e+00 -1.498554866434900212e+00 1.620643725285930703e+00 5.000000000000000000e+00
-8.844028962988982334e-01 3.412074507279376778e+00 1.702809080887176663e+01 5.000000000000000000e+00
-1.637420610309633151e+00 7.730802307757664305e-02 1.656872585734703307e-01 5.000000000000000000e+00
-1.691847603450394200e+00 1.260446930432344015e-01 7.516763342169598516e+00 5.000000000000000000e+00
-2.348275707050843097e-01 -6.265611906648529406e-01 1.110754565582881881e+01 5.000000000000000000e+00
1.542058281060474823e+00 -2.633100838162998780e+00 6.562557061199307817e+00 5.000000000000000000e+00
5.683544397474616927e-01 8.020906844849212902e+00 1.478642151623419920e+01 5.000000000000000000e+00
7.276188816429884909e-01 5.060440364353387288e+00 1.541149469818229356e+01 5.000000000000000000e+00
1.690055623034400600e+00 1.611746931236332503e-01 1.810447868123141735e+00 5.000000000000000000e+00
-3.437821425482356474e+00 2.961406050924240585e+00 1.994230741309543831e+01 5.000000000000000000e+00
3.821996236851590290e-01 -6.936423378395473627e+00 5.620854871304199918e+00 5.000000000000000000e+00
-3.327677101961320716e+00 4.802732167267242502e+00 1.435910399536369120e+01 5.000000000000000000e+00
4.947253858845779284e-01 -6.019759863392729393e+00 1.422773286764031475e+01 5.000000000000000000e+00
3.005028387380036525e-01 3.840297569414401924e+00 1.592248970090521709e+01 5.000000000000000000e+00
9.664176742554060340e-01 -5.008436033839965162e+00 1.652511037437668762e+01 5.000000000000000000e+00
1.658821186466582942e+00 1.529851716653984450e+00 1.232236746177980180e+01 5.000000000000000000e+00
8.488982335214934755e-03 2.127060102445684109e+00 1.463612446972313208e+01 5.000000000000000000e+00
2.340447134466169032e+00 -9.901326090276356684e-01 5.112143050279147616e+00 5.000000000000000000e+00
-2.941724876663049049e+00 2.956303707635087541e+00 1.036684555674053598e+01 5.000000000000000000e+00
-1.735491710446515956e+00 2.270053612847931390e+00 9.361945293145566893e+00 5.000000000000000000e+00
5.290753145624738085e-01 -7.001385540549227571e-01 7.928864531470313892e+00 5.000000000000000000e+00
2.880878477516688019e+00 -1.846637982191172145e-01 2.392787821489579247e+00 5.000000000000000000e+00
1.942648455543185104e+00 3.010714726635216998e+00 7.443668800147566600e+00 5.000000000000000000e+00
-1.384307303368329078e+00 7.791703948331243357e-01 8.839783979475202003e+00 5.000000000000000000e+00
1.467429957005508490e+00 3.573133418249762272e+00 1.921460777565986788e+01 5.000000000000000000e+00
-2.671267777402642540e+00 -1.713191757404157189e-01 7.979084669266249819e+00 5.000000000000000000e+00
-2.207270414677786619e+00 9.856468868701255825e-01 4.034723110178273231e+00 5.000000000000000000e+00
2.056918651108244678e+00 -5.441106074884615396e+00 9.038929445599894308e+00 5.000000000000000000e+00
4.346812547584343989e+00 4.223530674262234719e+00 4.392936842462509262e+00 5.000000000000000000e+00
4.584957722664162461e+00 -2.248132632223683203e+00 1.134563656510172436e+00 5.000000000000000000e+00
-4.706382735334420531e+00 -3.315510899724683380e+00 6.089364982587504471e+00 5.000000000000000000e+00
-2.258007642143110338e+00 -1.842958474783546130e+00 1.013215990722452453e+01 5.000000000000000000e+00
3.484013053032491314e+00 -3.318369344467294035e-01 1.528236541388872816e+01 5.000000000000000000e+00
1.436109975348090817e+00 1.616814208712682888e+00 9.158800434916059885e+00 5.000000000000000000e+00
6.581070573912443322e+00 -2.276421549415328371e+00 1.658983938621667420e+01 5.000000000000000000e+00
-1.612804532298054427e+00 -5.273620063565340743e+00 1.471215802775970616e+01 5.000000000000000000e+00
-2.530239449609070768e-01 3.617376086426168591e+00 4.758856762909857707e-01 5.000000000000000000e+00
-1.677385415507141042e+00 -1.416002272635584092e+00 1.546820363311819868e+01 5.000000000000000000e+00
6.259840193443864109e-01 -6.547454946293796985e-01 1.154715466010856417e+01 5.000000000000000000e+00
2.051861155220869648e+00 -1.014678868765436892e+00 3.645056214073871814e-01 5.000000000000000000e+00
-2.211737359215477206e+00 -9.693895300630228640e-01 1.745705495489537640e+01 5.000000000000000000e+00
6.430390042372495785e+00 -1.881216871543326449e-03 4.266400007095474400e+00 5.000000000000000000e+00
3.160828833944652416e+00 1.825316365606409974e+00 5.597780031304575132e+00 5.000000000000000000e+00
-1.120668228569282387e+00 -1.568766486206253585e+00 3.445926185001657593e-01 5.000000000000000000e+00
-1.324877063527737375e+00 2.937083610735023331e+00 1.398614919558659508e+01 5.000000000000000000e+00
-9.746233800281625115e-01 -4.338925190367369567e+00 1.449840304214766107e+01 5.000000000000000000e+00
4.205746632700821941e-01 6.109660244430150655e-01 4.649100127831484741e+00 5.000000000000000000e+00
-4.655467270789724665e+00 2.013250356537235941e+00 3.432884002315401695e+00 5.000000000000000000e+00
1.957985881837589204e-01 -3.861118610841228205e-01 1.617105806227056064e+01 5.000000000000000000e+00
-1.850638128706158403e+00 -2.464174830988000053e+00 1.177372873846685408e+01 5.000000000000000000e+00
5.460196881228907007e-01 -2.349459881424063035e+00 1.598093351727180433e+01 5.000000000000000000e+00
6.595245643515452727e-01 1.475402043286500875e-01 3.234744215624767438e+00 5.000000000000000000e+00
4.290204878577747571e+00 3.924990481224444494e+00 1.586182467860225920e+01 5.000000000000000000e+00
-9.974045130450475138e-01 1.261751850087750038e+00 6.988351371330643325e+00 5.000000000000000000e+00
7.543143532028361298e-01 2.650566045883208766e+00 4.171564776657428197e+00 5.000000000000000000e+00
1.931021532904461768e+00 -2.766102178689118229e-01 6.390340395351383762e+00 5.000000000000000000e+00
-5.689540031586096447e+00 -9.356055469910127265e-01 3.557765331082318738e-02 5.000000000000000000e+00
-1.094274282254631636e+00 2.321875793098230112e+00 5.366493189860149116e+00 5.000000000000000000e+00
-2.200670597260485195e+00 -2.403916427862803573e+00 1.174386928064274116e+01 5.000000000000000000e+00
2.160198858786424037e+00 1.784617737947943539e+00 1.123746456986858711e+01 5.000000000000000000e+00
3.191575291218110344e+00 -1.930681137674789660e+00 4.441454707359023146e+00 5.000000000000000000e+00
-3.663678066369931763e+00 -7.243847072854233682e-01 1.458449390539299273e+01 5.000000000000000000e+00
-6.310193224141734447e+00 -1.356029097535201622e+00 1.277115276066129734e+00 5.000000000000000000e+00
-6.695800663563455934e-02 -1.405749334758873204e+00 1.409584756520057702e+01 5.000000000000000000e+00
-5.095434007091503403e+00 -2.916070361218922713e+00 1.468496819558079380e+01 5.000000000000000000e+00
-1.132085182894067454e+00 2.785490953789204749e+00 1.484923006944589829e+01 5.000000000000000000e+00
-3.443584522905655643e+00 1.905449937176788011e-01 1.935234090515497485e+01 5.000000000000000000e+00
-4.356173179190510336e-02 2.656700263267157691e-01 1.163177748959407865e+01 5.000000000000000000e+00
1.868472512161023724e+00 3.114743543082292732e+00 8.639057212284573239e-01 5.000000000000000000e+00
2.720380242680376703e+00 9.884239666112353273e-01 1.689499121118742764e+01 5.000000000000000000e+00
2.304891638709584800e+00 -1.560333628980146603e+00 1.296797709875250781e+01 5.000000000000000000e+00
-3.662301025702952906e+00 -6.450484674706294941e-01 1.659155101447374037e+01 5.000000000000000000e+00
1.236552664612568631e+00 -9.129583525840424540e-01 9.300165991417001621e+00 5.000000000000000000e+00
-1.145367164542049565e+00 1.003630813675118105e+01 1.398900859778018457e+01 5.000000000000000000e+00
-1.656842859067763740e+00 3.974807449701994955e+00 1.145429407246533771e+01 5.000000000000000000e+00
3.207240071966578121e+00 -3.827122239343951016e+00 3.275708319734143004e+00 5.000000000000000000e+00
-1.910199714232631685e+00 1.113120035858675694e+00 9.103240740307844803e+00 5.000000000000000000e+00
3.474945325326572299e+00 -7.900892093104225467e+00 1.722463850754214576e+01 5.000000000000000000e+00
3.521759761703364688e-01 4.402263628659708772e+00 3.743635318626736819e-01 5.000000000000000000e+00
1.786458793519624555e+00 3.934219486258110250e-03 1.639471584908454105e+01 5.000000000000000000e+00
5.733734788592955711e-01 -4.452901849357814079e+00 1.100234729927679389e+01 5.000000000000000000e+00
-5.012401893382270046e+00 -1.295591002954946946e-01 1.255788164895752246e+01 5.000000000000000000e+00
1.279790667991454800e+00 -1.663720455914031504e+00 1.329603450021206257e+01 5.000000000000000000e+00
1.570864210073512179e+00 -3.256290604844292780e+00 1.909607927207035871e+01 5.000000000000000000e+00
-3.181080418831376821e+00 -1.058875028731483203e+00 1.356513194360088193e+01 5.000000000000000000e+00
-5.147523659350525804e+00 -1.576893609904078453e+00 1.380776504915262848e+01 5.000000000000000000e+00
2.670414383257723845e+00 -3.308198338268653504e+00 6.687318809119893182e+00 5.000000000000000000e+00
3.455247991699830656e+00 -1.808449626453785888e-02 3.520789637604930800e+00 5.000000000000000000e+00
-2.302564984252721825e+00 1.216468443006804012e+00 1.492796131853586772e+01 5.000000000000000000e+00
4.764296618054212118e+00 1.242821906651567776e+00 1.716803195868120824e+01 5.000000000000000000e+00
-3.979373024334030617e+00 -2.110615656077465374e+00 1.951603068200114777e+01 5.000000000000000000e+00
-2.425413874429901639e+00 2.562250205609154730e+00 1.621610496840470983e+00 5.000000000000000000e+00
6.171174081038751424e+00 -9.597360055203554285e-01 1.590515066146000400e+01 5.000000000000000000e+00
-2.865224301686634667e-01 -2.365325602913661118e+00 6.164422894196118108e+00 5.000000000000000000e+00
-2.636968153055012087e-01 -9.608497586318156536e-01 4.003336211249511223e+00 5.000000000000000000e+00
1.786483402676555254e+00 4.302101086470848657e+00 1.048967511671639841e+01 5.000000000000000000e+00
-1.148450057437477634e+00 -1.855153285028528776e-01 1.239669684202579880e+01 5.000000000000000000e+00
-3.125535506732618707e+00 -1.138683999691961546e+00 7.693390716132162410e+00 5.000000000000000000e+00
-5.967006340560980782e-01 2.698907385738292586e+00 1.803199082789734931e+01 5.000000000000000000e+00
3.483471166711599176e-01 -2.345478249522540803e+00 1.912762726714043993e+01 5.000000000000000000e+00
-3.800205414536702575e-01 2.607447443424241729e-01 1.613593771284517331e+01 5.000000000000000000e+00
-1.341889554681383823e+00 -6.639285480563666964e-03 7.002229080365880876e+00 5.000000000000000000e+00
8.400224682263764120e-02 -4.362836714157513285e+00 1.238029568853587747e+01 5.000000000000000000e+00
-7.236130813588346200e+00 -2.630759138253905949e+00 1.790337956047649115e+01 5.000000000000000000e+00
1.030971504346577916e+00 -4.279805194964112047e+00 1.946635581750590926e+00 5.000000000000000000e+00
2.781152492553979449e+00 2.447250892339433825e+00 7.273893621545566290e+00 5.000000000000000000e+00
-9.769342430334491123e-01 -3.699844656094307904e+00 3.855720824922292955e-01 5.000000000000000000e+00
3.057382707049640658e+00 2.438131419880374295e+00 1.342824014584266656e+01 5.000000000000000000e+00
-1.074291403270994705e+00 3.991110233131974550e+00 1.026108362272893082e+01 5.000000000000000000e+00
-2.108018058884359447e-01 -6.549512951266152960e+00 1.275890457123156452e+01 5.000000000000000000e+00
5.695889184308274705e-02 5.436620644755985055e+00 1.481305892788178191e+01 5.000000000000000000e+00
-1.367773220705539750e+00 6.124849101499211912e+00 1.065527619333439535e+00 5.000000000000000000e+00
2.705631319431000215e+00 -6.270417226879845263e-01 1.092380010932055612e+01 5.000000000000000000e+00
1.446390178299850282e+00 2.511217489069981212e+00 1.566707189582937865e+01 5.000000000000000000e+00
3.498859295655708301e+00 3.503348594033407259e+00 2.707300161533123806e+00 5.000000000000000000e+00
2.867703796691007057e+00 -1.272702426357829708e+00 4.219124754636354169e+00 5.000000000000000000e+00
-9.738027903539054897e-01 -3.562363865806264407e+00 1.503076728147612506e+01 5.000000000000000000e+00
-2.778859873075539610e+00 6.515619774604121339e+00 1.602434065581546108e+00 5.000000000000000000e+00
-1.776464008766585945e+00 -3.794627771950630724e+00 5.981070117685671761e-02 5.000000000000000000e+00
-4.459411488422263758e+00 -6.762030836403376099e+00 1.465110966791461422e+01 5.000000000000000000e+00
-4.613680810703474577e+00 -1.285873410298428388e+00 7.718102178896735666e+00 5.000000000000000000e+00
1.689607948766240764e+00 9.629577579426076284e-01 1.510212616016715614e+01 5.000000000000000000e+00
7.252461326339544101e+00 1.377301133012875711e+00 1.461560713059106575e+01 5.000000000000000000e+00
2.593562536305017652e+00 1.825231759842611989e+00 1.495133634548137636e+01 5.000000000000000000e+00
-4.742522439287127356e-01 1.404688379840381529e+00 1.437858035348995145e+01 5.000000000000000000e+00
-3.704186637432640872e+00 3.774851152241123081e-02 5.631100451643604288e+00 5.000000000000000000e+00
-1.481237150835941208e+00 8.633124929017554905e-01 1.063322820184453832e+01 5.000000000000000000e+00
-4.352527539380501409e+00 1.594454623078797040e+00 1.007436310846934902e+01 5.000000000000000000e+00
-1.381987078976841365e+00 -3.050088648986415407e+00 1.461854598903413027e+01 5.000000000000000000e+00
7.574264348530235225e-01 4.462234943855053260e+00 4.590624158135678812e+00 5.000000000000000000e+00
-7.454046905308735482e-01 8.607273216221194012e-01 3.275057926128486230e+00 5.000000000000000000e+00
-1.488747991665682946e+00 -5.117902120005056510e+00 1.743651344427774585e+00 5.000000000000000000e+00
-5.042678216454924645e+00 4.072635128042909614e+00 2.461616882161707931e+00 5.000000000000000000e+00
-2.751096892667633576e+00 -1.448156465923777336e+00 7.543780397983386621e+00 5.000000000000000000e+00
-4.388174632749755943e+00 8.252569666328470888e-01 9.903574769339680728e+00 5.000000000000000000e+00
3.070566799875598996e+00 -1.544266065361355356e+00 7.440499317034417359e+00 5.000000000000000000e+00
-9.695330604890710635e-01 2.772535369551532902e+00 8.195621160818568285e+00 5.000000000000000000e+00
-3.352522787319831554e+00 3.269380131856221894e+00 1.416715622540933950e+01 5.000000000000000000e+00
8.481305707382915671e-01 3.622284099498050303e+00 1.937977833969023322e+01 5.000000000000000000e+00
2.583824381797096947e+00 3.804997310254271792e+00 1.964584747832865830e+01 5.000000000000000000e+00
7.700843908613661526e-01 2.030044892162458758e+00 1.556964875001153814e+01 5.000000000000000000e+00
-3.371286756402430029e+00 -3.035351491645376654e-01 1.306987683869264494e+01 5.000000000000000000e+00
-2.852856219974694074e+00 1.640786818413001669e+00 7.445852985358055065e+00 5.000000000000000000e+00
-1.993542800160073014e+00 -6.748583186194280437e+00 5.046338667296373259e+00 5.000000000000000000e+00
-7.755164612861804863e-02 -2.598437903476505273e+00 1.220243265546450750e+01 5.000000000000000000e+00
9.365220841657939665e-01 3.995578458325828031e+00 1.213024627892641938e+01 5.000000000000000000e+00
2.432374867199180279e+00 -2.233205756181963153e+00 1.504089912097449044e+01 5.000000000000000000e+00
-1.811729824873725914e+00 -2.028202306796477394e+00 1.701189846054743171e+01 5.000000000000000000e+00
-1.201904909588814796e+00 -7.876622888944901035e+00 8.077380760265100434e+00 5.000000000000000000e+00
9.751502067202735269e-01 -7.894068832937724878e+00 6.233210682314105355e+00 5.000000000000000000e+00
-1.832802601892177918e+00 -3.749852753665830818e+00 9.932805962981401393e+00 5.000000000000000000e+00
-2.625071617892758558e-01 2.805491772200852552e+00 7.651254205661484065e+00 5.000000000000000000e+00
3.284499785204788580e-01 3.477033423589019456e+00 8.733340307647774026e+00 5.000000000000000000e+00
2.988757086562571441e+00 6.947820709666681083e-01 1.502797245473595567e+01 5.000000000000000000e+00
-1.805558753029148811e+00 3.151152089008586454e+00 1.128674647413907373e+01 5.000000000000000000e+00
1.546136905725499222e+00 4.796637408377174339e+00 1.229319300224864797e+00 5.000000000000000000e+00
-1.815422874849565105e+00 3.519114652475049954e-01 5.784642481769703970e+00 5.000000000000000000e+00
-1.231039026742809295e+00 -3.698994955362899795e-01 1.399272786796894152e+01 5.000000000000000000e+00
7.773549553297540715e-01 -2.796887030158824450e-01 9.373959310406167589e+00 5.000000000000000000e+00
1.447523954375847133e+00 -2.959736359561481400e+00 1.295850832932233843e+01 5.000000000000000000e+00
2.251790491625120794e+00 7.417800026953530468e-01 4.221077498768737613e+00 5.000000000000000000e+00
-4.069475488250785311e+00 -2.113774571643569355e-01 2.513331421146820510e+00 5.000000000000000000e+00
1.678360216542773564e+00 3.079284419713747667e+00 9.654170683947235432e+00 5.000000000000000000e+00
1.305322446414040716e+00 -2.759198805963004375e+00 1.606550601558894442e+01 5.000000000000000000e+00
3.100663154362977569e-01 -2.352550026089014479e-01 3.629376949191507329e+00 5.000000000000000000e+00
1.844235267297768877e+00 -3.010334098960608884e+00 1.921372432074296910e+01 5.000000000000000000e+00
-1.562974646749308416e+00 -3.170570342911425143e-01 7.310613240590775774e+00 5.000000000000000000e+00
-2.927673940076145342e+00 2.463975302748811491e-01 1.001668558826845512e+01 5.000000000000000000e+00
-2.500993435225089101e+00 -4.044866235361769036e+00 7.767483523042601590e+00 5.000000000000000000e+00
-2.015326206829472611e+00 1.207759516342302053e+00 1.494467114448349854e+01 5.000000000000000000e+00
1.929050441946553063e+00 3.139026925212515806e+00 1.051472897639735216e+01 5.000000000000000000e+00
-2.619376661018415930e+00 8.279583042495288758e-01 3.162124092502254236e+00 5.000000000000000000e+00
5.722134887706935125e+00 4.998676617404482769e+00 1.728937505003982977e+01 5.000000000000000000e+00
6.047793818492374740e+00 -1.428088667992598371e+00 4.370701454607351266e+00 5.000000000000000000e+00
2.153095988467939037e+00 2.848455231897344841e+00 1.380792168610467030e+01 5.000000000000000000e+00
2.946812705456510972e+00 -5.696117436546831669e+00 4.980513082057253627e+00 5.000000000000000000e+00
-1.812351786113516550e+00 -9.248054968613299565e-01 7.947171963283961027e+00 5.000000000000000000e+00
-4.255027691251181743e+00 -2.476927358674517077e+00 1.003513612754656670e+01 5.000000000000000000e+00
1.851897558429829616e+00 1.766980171366059338e+00 1.335198840165927159e+01 5.000000000000000000e+00
3.920122765440899659e+00 2.935531454908115734e-01 5.875171427672145619e+00 5.000000000000000000e+00
-2.837310426050769774e-01 5.236568125913995786e+00 1.064793413661819788e+00 5.000000000000000000e+00
-3.244713248408173545e+00 3.314453183352643051e-01 1.496065592405937750e+01 5.000000000000000000e+00
6.400009264306685708e+00 2.028590348543762301e-01 1.833529276240275863e+01 5.000000000000000000e+00
-8.500853779090431495e-01 2.568903599936053439e+00 1.000423280173803331e+00 5.000000000000000000e+00
3.988418449185964221e+00 -3.814862404213831271e-01 2.078322462590467268e+00 5.000000000000000000e+00
1.078082295868401541e+00 2.256550233515633774e+00 1.275579232372678895e+01 5.000000000000000000e+00
7.353452578079151536e+00 1.605798385527898997e+00 1.725752994547355357e+01 5.000000000000000000e+00
-2.273832403757671372e+00 -1.067178828754641096e+00 3.926865860406065778e+00 5.000000000000000000e+00
-2.047217182587104389e+00 -5.687443999168192432e-01 5.865738164847722480e+00 5.000000000000000000e+00
-7.107425626728673507e+00 2.474813231230263533e+00 6.336785880537165738e-01 5.000000000000000000e+00
-6.378161474257540320e+00 -4.899763628789141734e+00 5.736560013986313322e+00 5.000000000000000000e+00
3.408440014209147773e+00 -1.109832880607303007e+00 5.045345826111393706e+00 5.000000000000000000e+00
1.640397921495024836e+00 -2.952255281728567216e+00 7.737892044508751788e+00 5.000000000000000000e+00
-8.396455741957211671e-01 7.913060899653459046e+00 1.768946340031615705e+01 5.000000000000000000e+00
-3.794473108719698118e+00 -1.879289774423580361e+00 1.238151532979726710e+01 5.000000000000000000e+00
4.677670233163347402e-02 -2.939152034777613665e+00 1.466300224170073996e+01 5.000000000000000000e+00
-7.065223115097659656e-01 -4.610686108708409670e+00 1.596122554158781526e+01 5.000000000000000000e+00
1.612855211749152584e+00 -1.425895702729859771e+00 1.087634249375257767e+01 5.000000000000000000e+00
-2.836226697782247896e+00 3.493034570067438338e+00 1.100172461822278791e+01 5.000000000000000000e+00
-2.172893111948044353e+00 5.766439378798476234e+00 4.081837270995580802e+00 5.000000000000000000e+00
6.908451605405008245e-01 1.044370143181262867e+00 1.348338369417468741e+01 5.000000000000000000e+00
-2.987999734670015339e+00 -3.956617903532082536e+00 4.228006180547458470e+00 5.000000000000000000e+00
-1.118714632907249706e+00 -1.145535178308761670e-01 1.904636934858998387e+01 5.000000000000000000e+00
-6.927568225783522493e-01 -1.818569277195177358e+00 6.759113331197330155e+00 5.000000000000000000e+00
7.573225194171094576e-02 -1.422462200179464453e+00 1.344247779738589799e+01 5.000000000000000000e+00
3.529172699144661252e+00 -6.645846211044155183e-01 1.806954710697313971e+01 5.000000000000000000e+00
-2.984130493754938995e-01 -1.482232771558581241e+00 1.798625865159938186e+01 5.000000000000000000e+00
-1.380874029823845328e+00 3.810321124978224283e+00 8.980023428344708236e+00 5.000000000000000000e+00
-1.045914764758878457e+00 3.586383567393804483e+00 4.967047644671924722e+00 5.000000000000000000e+00
5.384851844852433372e-02 -8.858079938709805257e-01 1.063292553022470699e+01 5.000000000000000000e+00
1.106512485652522138e+00 -3.089359078103926404e+00 6.379088938377233120e+00 5.000000000000000000e+00
4.603788386061698823e+00 5.156355624582368291e-01 4.875239644448559062e-01 5.000000000000000000e+00
-2.897239509371654087e+00 -5.476476797787186435e+00 2.712105693882731483e+00 5.000000000000000000e+00
3.914332855121821275e+00 3.787482618255507028e+00 1.546817064389347518e+00 5.000000000000000000e+00
-1.367616656788257279e+00 2.188534404355437335e+00 1.319143734749557151e+00 5.000000000000000000e+00
-1.690972947495160472e+00 2.766459571308422793e-01 9.871639723609435535e+00 5.000000000000000000e+00
-5.579467662572056952e+00 -8.199667566812542940e-01 1.684978710124926238e+01 5.000000000000000000e+00
-1.488058953420033692e+00 4.312843303133409023e-01 5.165191450786648097e+00 5.000000000000000000e+00
-2.428528377296870211e+00 -9.704963181267277708e-03 1.545395107413708224e+01 5.000000000000000000e+00
2.350751037905714824e+00 4.374166289621702397e+00 1.194710273340398032e+00 5.000000000000000000e+00
-2.611772886140019345e+00 2.780076167228027195e+00 1.895614276104028306e+01 5.000000000000000000e+00
-1.432930918825877864e+00 6.985145517948835314e-01 6.591141034073624283e+00 5.000000000000000000e+00
3.019464281361639468e+00 -5.029328524100799669e+00 6.575552627668401762e-01 5.000000000000000000e+00
1.084866975439746195e+00 6.622943106446008144e-02 1.423505002594298219e+01 5.000000000000000000e+00
2.536209474097454564e+00 -2.992728152310117018e+00 3.710640681120844775e+00 5.000000000000000000e+00
1.740984023229620758e+00 -2.726172962920470955e+00 1.558997496701878482e+01 5.000000000000000000e+00
-1.290321478748233663e-01 -3.517135090856561064e+00 3.784169621606932044e+00 5.000000000000000000e+00
-2.898208018886817783e+00 4.310502709550633860e+00 1.655128807499503552e+01 5.000000000000000000e+00
-2.946201996422652236e+00 8.161606922366914318e+00 3.648071607811866901e+00 5.000000000000000000e+00
-1.343146619505347861e+00 2.554404442886037074e+00 1.927954862829166505e+00 5.000000000000000000e+00
-1.922309308250615079e+00 3.086706164667103902e+00 1.199447803636843801e+01 5.000000000000000000e+00
-2.399694810457327687e+00 -2.343478174652972035e-01 1.097600071406625855e+00 5.000000000000000000e+00
-3.352702612607674659e+00 6.698842124476795945e-01 1.340505348922104822e+01 5.000000000000000000e+00
1.457744582427166868e+00 -3.275881780328726567e+00 1.327636557825946539e+01 5.000000000000000000e+00
3.574086144792810504e+00 -2.258950550815057134e+00 8.494072759215381296e+00 5.000000000000000000e+00
3.506686328911303718e+00 4.925257784716357001e+00 5.265796075218657890e+00 5.000000000000000000e+00
1.208209742803421749e+00 1.249953290662285443e+00 1.361741613615719970e+01 5.000000000000000000e+00
3.030548451794174980e+00 8.806274144801338188e-01 1.618241141105895053e+01 5.000000000000000000e+00
-1.368068968562025312e+00 -3.413485616198276063e+00 1.444060611974048847e+01 5.000000000000000000e+00
3.736462722109822110e+00 -3.392610434096999583e+00 6.144056647465612642e+00 5.000000000000000000e+00
3.126425161004394049e+00 -2.966737209064596925e+00 1.813771687076148709e+01 5.000000000000000000e+00
2.414390662943141988e-02 9.739606528186964818e-01 3.412382419468207306e+00 5.000000000000000000e+00
1.630164624587634670e+00 -1.425981678288730015e+00 1.924137877072777769e+01 5.000000000000000000e+00
2.739299741166600910e+00 -2.522037131585684211e+00 1.023521324731397719e+01 5.000000000000000000e+00
1.879365933647136000e+00 -3.958137264564043911e-01 7.424514897822169779e+00 5.000000000000000000e+00
-3.485711803773813511e+00 3.403518928869574633e+00 1.415502174385530409e+01 5.000000000000000000e+00
4.220881000912719117e+00 4.237954525026594865e+00 1.301939058785529291e+01 5.000000000000000000e+00
8.711012548722438797e-01 4.233761772158182168e-01 4.841361896164489309e+00 5.000000000000000000e+00
4.852728838467152528e+00 2.048167204189659696e+00 1.724793322493933800e+01 5.000000000000000000e+00
-7.339714159716425712e+00 -7.897010954638643554e-01 2.465299239012375132e+00 5.000000000000000000e+00
2.264139030560748278e+00 1.614863986305384636e+00 2.393792500664122525e+00 5.000000000000000000e+00
-1.812534595580600705e+00 -5.134098620531544199e-01 1.898407098061805698e+01 5.000000000000000000e+00
-5.039950670308455116e+00 -3.135598360550846841e+00 1.543843324074576984e+01 5.000000000000000000e+00
2.398715037975672981e+00 -1.248372053310792484e+00 1.719385654427172483e+01 5.000000000000000000e+00
5.038430316396093289e+00 -3.612308024194841760e+00 6.552728161751348424e+00 5.000000000000000000e+00
-9.871622573570784098e-01 -6.999192612726938822e-01 1.043465070355781954e+01 5.000000000000000000e+00
-2.764704620538895874e+00 -3.354787417507560932e+00 9.645897975474575503e+00 5.000000000000000000e+00
-2.765391754320764228e+00 1.253176617856125441e+00 5.913297026696449521e+00 5.000000000000000000e+00
4.997286145930400991e+00 4.027675407532431695e-01 6.728251183614930575e-01 5.000000000000000000e+00
-5.966582899973269516e-01 -4.423081460180998126e-01 1.776112002843116144e+01 5.000000000000000000e+00
1.146179642934019416e+00 2.216913238489673366e-01 7.911638153143794483e+00 5.000000000000000000e+00
-7.449653083997356817e-02 -1.587714998682632661e+00 8.314210903669934538e+00 5.000000000000000000e+00
1.139823773501832394e-01 -2.801468097675005708e+00 1.909847395857583052e+01 5.000000000000000000e+00
-2.810593886521026263e+00 5.435522153043036653e+00 8.846446364241575822e+00 5.000000000000000000e+00
-2.842305486321050623e+00 -1.017591154957955712e+00 6.692142874306683531e+00 5.000000000000000000e+00
1.615181708373601976e-01 -1.854680279044204738e+00 8.749472367446065491e+00 5.000000000000000000e+00
-3.986962026449187846e+00 1.379552629440570666e+00 1.718118042200086748e+01 5.000000000000000000e+00
-3.341843919345196312e+00 2.031570117475030579e-01 1.896963022946388122e+01 5.000000000000000000e+00
-3.922210401668390634e-01 2.217792933182662463e+00 1.092645054256461457e+01 5.000000000000000000e+00
-3.874326859634549258e-01 2.324698151199904306e+00 1.489508029646703768e+01 5.000000000000000000e+00
-2.519858415419258257e+00 3.773757670995621538e+00 6.231342779633123996e+00 5.000000000000000000e+00
-4.019525943511299992e+00 2.214419594573239003e+00 1.593504873737063399e+01 5.000000000000000000e+00
3.956197502930751231e+00 3.720211081710331769e-01 7.705634181639942071e-02 5.000000000000000000e+00
2.795167548186015538e-01 6.780193811875544485e-01 2.697802228180690154e+00 5.000000000000000000e+00
3.946261747759247207e+00 -7.859178120066501183e-01 1.658482898963213614e+01 5.000000000000000000e+00
4.855479840823282434e-01 -4.472499806080052487e+00 1.025940146401976705e+01 5.000000000000000000e+00
3.697118804605276310e+00 -2.816947331985599212e-01 1.455014919990542666e+01 5.000000000000000000e+00
2.387155005171251787e+00 1.146922360342472968e+00 1.736960808229601838e+01 5.000000000000000000e+00
5.319453779911402336e+00 2.699918371363924763e+00 2.125044655594134912e+00 5.000000000000000000e+00
3.084050830665876042e+00 3.173979458169904788e+00 6.134716639780490866e-02 5.000000000000000000e+00
1.648450648211165603e+00 -2.632988920298735547e+00 1.210812858172458650e+00 5.000000000000000000e+00
-2.037392658592629857e+00 -2.572850684669220733e+00 1.652281250349514963e+01 5.000000000000000000e+00
1.769402488254890216e+00 -2.069018508299021342e+00 9.091887482131346232e+00 5.000000000000000000e+00
-5.035232385926210696e+00 -1.976335860871783812e+00 5.494303320047193573e+00 5.000000000000000000e+00
-1.738606222032752502e+00 -1.065393329593338656e+00 8.653706376138710965e+00 5.000000000000000000e+00
4.019794321340262044e+00 4.478700317645264661e+00 1.397675861082195681e+01 5.000000000000000000e+00
-3.548660462151638217e+00 1.363630470822958962e+00 1.662982304833653391e+00 5.000000000000000000e+00
3.094752262842438650e+00 3.546486613871193683e+00 7.355298291250855769e+00 5.000000000000000000e+00
-3.974529396202497455e+00 -3.534261571577849370e+00 4.065994231311904628e+00 5.000000000000000000e+00
-5.184354322408397941e-02 -1.158515281293366062e-01 6.764646260905900377e+00 5.000000000000000000e+00
8.648092396807218307e+00 -3.231397108103923888e+00 4.352053452889497187e+00 5.000000000000000000e+00
1.355844715858920413e+00 -2.341964117821167535e-01 1.979342768397500762e+01 5.000000000000000000e+00
4.859603904044396572e+00 -2.878088084723117168e-01 1.296243472121394458e+00 5.000000000000000000e+00
-9.412251415016428813e-02 2.377728899580028532e+00 1.479487973770578435e+01 5.000000000000000000e+00
-5.245914278120710428e+00 6.102762241289692469e+00 9.006860632366018748e+00 5.000000000000000000e+00
1.909619832604936507e+00 5.425517319180103826e+00 1.919986971025488032e+01 5.000000000000000000e+00
5.507354905822284152e+00 1.585130466712482367e+00 1.200830536866538978e+01 5.000000000000000000e+00
-5.958842387185606659e-01 -2.419077093537625456e-01 1.965793007221081012e+01 5.000000000000000000e+00
2.488076895095042929e+00 1.884323729258803759e+00 1.455793306311842450e+01 5.000000000000000000e+00
-9.742838380081351168e-01 1.214764182162189510e+00 1.279068394853935686e+01 5.000000000000000000e+00
-1.078065916000732871e+00 3.552410481086904159e+00 4.399260302294909053e+00 5.000000000000000000e+00
-3.254618291813457631e+00 -8.379492788127278047e+00 3.381351510023014040e+00 5.000000000000000000e+00
-2.081805510830431416e+00 7.279436283927721574e-01 2.615131778676931251e+00 5.000000000000000000e+00
6.936041192726360549e+00 -4.899796667906661796e+00 6.071227568989751688e+00 5.000000000000000000e+00
-5.808499329344796180e+00 1.434319811517324794e+00 9.738593094716884835e+00 5.000000000000000000e+00
4.837919539704332306e-01 3.691152899001551635e+00 8.706133757390105643e+00 5.000000000000000000e+00
-1.416706135219894414e+00 1.658339305603840685e+00 1.475220325441513758e+01 5.000000000000000000e+00
-2.664703568083770957e+00 2.487974612456298029e+00 3.331422132980113027e+00 5.000000000000000000e+00
-1.377035961696279065e+00 -6.129912713258129919e+00 2.906022115444855114e+00 5.000000000000000000e+00
-1.580059856936766982e+00 1.213066907500117697e+00 2.868898192966158334e+00 5.000000000000000000e+00
-2.239940187223790069e-01 -1.488853555197972467e+00 1.561850622052441651e+01 5.000000000000000000e+00
4.492234181834877660e+00 -5.351745858026186298e+00 3.825309661054223653e+00 5.000000000000000000e+00
-1.480332638871447948e+00 1.584456503442587927e+00 1.877411039440875484e+01 5.000000000000000000e+00
-2.087895489037939978e+00 9.430327470221304687e-01 1.870166934753567389e+01 5.000000000000000000e+00
4.096596590381090586e+00 -1.478481521098137796e-01 8.563220867131025926e+00 5.000000000000000000e+00
1.057549271815718950e-01 2.501173005860072074e+00 7.848740707629120905e+00 5.000000000000000000e+00
9.875515895222782836e-01 -5.941674291617430548e+00 1.050042861857202681e+01 5.000000000000000000e+00
-2.311704069622635416e-01 4.567365658268824902e+00 1.950498625584306467e+01 5.000000000000000000e+00
4.879607096959737156e-01 3.115897296218341328e+00 4.997129508687166322e+00 5.000000000000000000e+00
-3.136340714316100176e+00 -1.978498122958615379e+00 1.736062259497196791e+01 5.000000000000000000e+00
5.392850541053568314e+00 4.888449889151039507e+00 9.134760264128322760e+00 5.000000000000000000e+00
2.157450446150332990e+00 -4.457480863209869248e+00 2.714761315111191564e-01 5.000000000000000000e+00
-2.715453012741187777e+00 -4.079392803092040332e+00 7.565730848079558868e+00 5.000000000000000000e+00
3.095187109764996336e-01 9.161761721164694006e-01 1.537825362955368824e+01 5.000000000000000000e+00
3.404874072104175475e+00 4.003594215133127188e-01 7.560253913539611403e+00 5.000000000000000000e+00
1.247160375086467266e+00 -6.597024653326922561e+00 1.719253118342249920e+00 5.000000000000000000e+00
-2.495928840066510723e+00 2.271890310774300037e+00 5.766963405456970726e+00 5.000000000000000000e+00
3.402436361037379342e+00 -8.179330335727310608e-01 3.129532222508184525e+00 5.000000000000000000e+00
4.274945263471895629e+00 -1.493452190696010096e+00 7.934873851405377820e+00 5.000000000000000000e+00
-1.392327884552685635e+00 2.933859728777221676e+00 1.040517577658423498e+01 5.000000000000000000e+00
-2.314840705854579905e+00 2.075249925037286225e+00 1.133731177500642495e+01 5.000000000000000000e+00
2.168419661411062460e+00 8.797007752568117844e-01 1.589078632902990229e+01 5.000000000000000000e+00
-1.759040099335753338e+00 4.534986560133557276e+00 4.679213100964942917e+00 5.000000000000000000e+00
-3.869707444692955245e-01 -6.479331385397509857e-01 1.555786430729352254e+01 5.000000000000000000e+00
2.063158160912112571e+00 -4.408295562096044229e+00 1.209566689788742089e+01 5.000000000000000000e+00
1.135034393057040125e+00 1.565245607579265896e-01 1.743068214212828337e+01 5.000000000000000000e+00
-1.409175557719152483e+00 1.360974415252532932e+00 1.416993266488991488e+01 5.000000000000000000e+00
1.541320732680310890e+00 -2.681496842479665910e-01 1.699150930152946515e+01 5.000000000000000000e+00
2.767960953414886127e+00 9.129964486053392392e-01 1.962954545446303456e+01 5.000000000000000000e+00
-1.750746122344132294e+00 2.787521616727912654e-01 1.491983362747125952e+01 5.000000000000000000e+00
9.439503308411909543e-01 2.949791872891720512e+00 1.791588396751627599e+01 5.000000000000000000e+00
4.129236793999732313e+00 -4.811665667244950928e-01 8.634362515894817847e+00 5.000000000000000000e+00
2.488995278424407154e+00 4.356451630857769985e-01 1.713095746190519009e+01 5.000000000000000000e+00
3.192643483742000354e-01 -4.546587236422466871e-01 2.960666671208302958e+00 5.000000000000000000e+00
-2.239414378576436437e+00 1.455136195486147033e+00 1.790064525137010065e+01 5.000000000000000000e+00
7.487878070381093210e+00 -1.561155872890403584e+00 9.579830847365759183e+00 5.000000000000000000e+00
1.988980877176997675e+00 9.506822470954914284e-01 6.838232053440107094e+00 5.000000000000000000e+00
-4.879262930771931295e+00 -1.823895415821668031e-01 1.656315934948701241e+01 5.000000000000000000e+00
1.833754803484607177e+00 -2.137092104463964581e-01 5.358282868439432356e+00 5.000000000000000000e+00
-1.481060404208191850e+00 -6.308551057783239990e+00 1.840693425535309657e+01 5.000000000000000000e+00
1.794611718877800355e+00 -3.375009195838079568e-01 1.238329052772329852e+01 5.000000000000000000e+00
7.811128628719211653e-01 -2.393030664925878792e+00 1.334922552092145409e+01 5.000000000000000000e+00
-6.682953479952059794e+00 1.406082198564013064e+00 4.833775200379520243e+00 5.000000000000000000e+00
5.478858940845719339e+00 -5.643854491664724193e+00 1.666310409364666345e+00 2.000000000000000000e+00
5.485284893476996437e+00 -5.620410016871605130e+00 1.948608944025453837e+01 2.000000000000000000e+00
5.484198889446997072e+00 -5.375294605336036646e+00 1.157431441958592977e+01 2.000000000000000000e+00
4.617977055100351613e+00 -5.822580950414311118e+00 8.723912110150145338e+00 2.000000000000000000e+00
5.212051164178009621e+00 -4.047192862500213373e+00 1.208039221232128568e+01 2.000000000000000000e+00
5.499999777717221150e+00 -5.500471468693799437e+00 1.860550191103160245e+01 2.000000000000000000e+00
4.670481906106378922e+00 -4.876055615297411272e+00 5.437572589059447736e+00 2.000000000000000000e+00
5.492180277921126397e+00 -4.411917231960597263e+00 1.253605130271532531e+01 2.000000000000000000e+00
4.554728419306008469e+00 -4.727449377722328094e+00 1.491977044281711784e+01 2.000000000000000000e+00
5.392066317241957840e+00 -4.189703363079248177e+00 1.200628624487143092e+01 2.000000000000000000e+00
4.520352416774923832e+00 -4.641202676696809526e+00 4.157662857406448254e+00 2.000000000000000000e+00
5.490448437069927579e+00 -5.402735769289703782e+00 1.614722881150558731e+00 2.000000000000000000e+00
4.606963932287568397e+00 -5.809067386628141705e+00 1.505133011976524493e+01 2.000000000000000000e+00
4.922443624617889313e+00 -4.006051613386996557e+00 8.621941577681946356e+00 2.000000000000000000e+00
5.238688617963017435e+00 -5.939349227443163848e+00 1.495892629994330925e+01 2.000000000000000000e+00
5.003362206638459320e+00 -5.999988695438727149e+00 8.912013158904017018e+00 2.000000000000000000e+00
4.555628322351245707e+00 -4.270797443069167088e+00 1.224630833634214611e+01 2.000000000000000000e+00
4.530405787370577642e+00 -4.328298877508175657e+00 9.654383836699141241e+00 2.000000000000000000e+00
5.020697042713438307e+00 -5.999571448766758408e+00 1.844219054327420082e+01 2.000000000000000000e+00
5.316502152668032721e+00 -4.112925863229663470e+00 1.674111479134973735e+01 2.000000000000000000e+00
5.490949737144536158e+00 -4.405298597699345287e+00 8.061936084975740435e-01 2.000000000000000000e+00
5.300589139742694300e+00 -5.100442533458894090e+00 1.553472530502146043e+01 2.000000000000000000e+00
5.304832685711676099e+00 -4.103670549010288049e+00 5.026849786399010256e+00 2.000000000000000000e+00
5.058020360586477082e+00 -5.996622228416544687e+00 9.562984249740436482e+00 2.000000000000000000e+00
4.542241376121658902e+00 -4.298860639692258623e+00 1.935351067259573909e+01 2.000000000000000000e+00
5.495923341423946340e+00 -5.436281561295747800e+00 2.852583178826022525e+00 2.000000000000000000e+00
4.720383689659233717e+00 -4.914505390786919392e+00 1.375407663555064985e+01 2.000000000000000000e+00
4.738323601396546181e+00 -5.926058050521200826e+00 1.894035358552674353e+01 2.000000000000000000e+00
4.726545734230886531e+00 -4.918596183131995758e+00 3.799565798707531528e+00 2.000000000000000000e+00
5.191087556789906188e+00 -5.962044960626197820e+00 5.202169108282790333e+00 2.000000000000000000e+00
5.499649832584906584e+00 -5.518709484169122881e+00 1.296644736281826482e+01 2.000000000000000000e+00
4.806294915054650119e+00 -4.039046271230707141e+00 1.267095382244321833e+01 2.000000000000000000e+00
4.510118003281332832e+00 -5.600078115944155499e+00 7.094576902941531316e+00 2.000000000000000000e+00
5.264321456498805674e+00 -5.924422157332001504e+00 1.771197278494709337e+01 2.000000000000000000e+00
5.466283582894258863e+00 -4.319501744265235033e+00 1.977489161959383779e+01 2.000000000000000000e+00
5.205255338900535378e+00 -5.044072104546315494e+00 1.197471270724339831e+01 2.000000000000000000e+00
5.108679391983097950e+00 -5.011954111011900359e+00 5.995027117198407751e+00 2.000000000000000000e+00
5.447557357655920640e+00 -5.277082051848554833e+00 2.894594392089766544e+00 2.000000000000000000e+00
5.218299086354478256e+00 -4.050171689533884845e+00 1.567154362196323802e+01 2.000000000000000000e+00
5.497628985310082150e+00 -5.451364694107487807e+00 9.259786887810401268e+00 2.000000000000000000e+00
5.132619933961917624e+00 -4.017908770961411413e+00 1.073802069124002223e+01 2.000000000000000000e+00
4.512255547606883077e+00 -5.610024311675822162e+00 1.506753126396931108e+01 2.000000000000000000e+00
4.854412195650700923e+00 -4.978334810801753996e+00 1.718213039866683545e+01 2.000000000000000000e+00
4.507102303208821326e+00 -4.416024643508042580e+00 1.423382912047898685e+01 2.000000000000000000e+00
5.412024650539700055e+00 -5.216740953634948497e+00 3.163955653430803316e+00 2.000000000000000000e+00
5.248451800704301284e+00 -5.933902872457409217e+00 8.265328518453024742e+00 2.000000000000000000e+00
4.504832945086183926e+00 -4.430648808748672174e+00 1.229081519678381795e+01 2.000000000000000000e+00
5.448620485330954111e+00 -5.720770605247662566e+00 1.267389139099130091e+01 2.000000000000000000e+00
5.387459377067374433e+00 -5.816030427526468038e+00 4.078189995599377227e+00 2.000000000000000000e+00
5.491048408333668363e+00 -4.405811568263556133e+00 4.515795531046491007e+00 2.000000000000000000e+00
