5.628166974251524124e+00 4.736563535777798428e+00 1.000000000000000000e+00
4.578283918056083479e+00 5.273524912702184153e+00 0.000000000000000000e+00
5.660209178344711489e+00 4.783869719251442554e+00 1.000000000000000000e+00
5.699220994147136565e+00 4.780742267543756086e+00 1.000000000000000000e+00
5.972756280639610615e+00 5.229887574003121209e+00 1.000000000000000000e+00
5.101525716147356171e+00 5.449974473961068711e+00 0.000000000000000000e+00
5.183831468301374201e+00 4.885596139876379418e+00 1.000000000000000000e+00
5.541763309907197232e+00 4.944668174707792296e+00 0.000000000000000000e+00
5.986647358402251484e+00 5.107855043459458066e+00 1.000000000000000000e+00
4.805281934162097812e+00 5.452616061850944718e+00 0.000000000000000000e+00
5.423193426609341117e+00 5.223753127575481159e+00 0.000000000000000000e+00
5.119540816605013589e+00 4.895004754408315506e+00 1.000000000000000000e+00
5.416767997873837892e+00 5.312490502111788970e+00 0.000000000000000000e+00
5.608928803631522797e+00 4.792498697363764215e+00 1.000000000000000000e+00
5.333078214625834867e+00 5.401564680662383822e+00 0.000000000000000000e+00
5.431222916431115877e+00 4.763285322684505552e+00 1.000000000000000000e+00
5.752459921529249343e+00 4.861502780154561165e+00 1.000000000000000000e+00
4.777955618914363711e+00 5.415485489376626660e+00 0.000000000000000000e+00
5.288829223218240116e+00 5.431311868304912416e+00 0.000000000000000000e+00
5.094766414433393287e+00 5.512510443057576204e+00 0.000000000000000000e+00
5.108432808214743659e+00 5.004220752810572215e+00 1.000000000000000000e+00
5.010494912603077111e+00 5.054722587236446074e+00 1.000000000000000000e+00
5.014095538911916172e+00 5.486453568247025459e+00 0.000000000000000000e+00
4.597648136001940777e+00 5.300523110654141945e+00 0.000000000000000000e+00
5.501482458205559922e+00 4.743425184755508006e+00 1.000000000000000000e+00
4.748564322924173631e+00 5.412483496076729850e+00 0.000000000000000000e+00
5.369207317016490677e+00 5.328410608762577994e+00 0.000000000000000000e+00
5.218340170545233470e+00 4.801304976832346583e+00 1.000000000000000000e+00
4.864660127667707279e+00 5.495780484956140022e+00 0.000000000000000000e+00
5.814416530221746093e+00 4.855385401254065592e+00 1.000000000000000000e+00
5.532726668187143204e+00 5.112675048227869112e+00 0.000000000000000000e+00
4.642555267377020733e+00 5.363011956776604805e+00 0.000000000000000000e+00
5.964628998438461061e+00 5.033708111309726618e+00 1.000000000000000000e+00
4.996958471441137917e+00 5.268046987845794504e+00 1.000000000000000000e+00
5.135396328993145687e+00 4.930568431152677178e+00 1.000000000000000000e+00
4.538263892903154684e+00 5.130844296827281603e+00 0.000000000000000000e+00
4.997846875759098140e+00 5.211893346961200990e+00 1.000000000000000000e+00
5.887801668307458769e+00 4.921922903948884098e+00 1.000000000000000000e+00
5.440449688272260609e+00 5.169661599689650444e+00 0.000000000000000000e+00
5.030754279952380337e+00 5.501326063719397474e+00 0.000000000000000000e+00
5.741953921943346195e+00 4.809714365309391226e+00 1.000000000000000000e+00
5.493249407692357700e+00 5.162847399956143057e+00 0.000000000000000000e+00
5.165186030656487404e+00 5.459338184164708174e+00 0.000000000000000000e+00
5.530407635890081330e+00 5.051039974231471774e+00 0.000000000000000000e+00
5.551250314180530054e+00 4.789828942315222271e+00 1.000000000000000000e+00
5.932363853799658138e+00 4.936969343682195088e+00 1.000000000000000000e+00
5.130370445734848239e+00 5.462094341981985401e+00 0.000000000000000000e+00
4.658986599055713107e+00 5.425132545740679824e+00 0.000000000000000000e+00
4.697676270346475391e+00 5.401752549896972511e+00 0.000000000000000000e+00
4.535537857152116992e+00 5.086702065698459840e+00 0.000000000000000000e+00
4.588711220607482488e+00 5.228118530705594402e+00 0.000000000000000000e+00
4.500690183343883710e+00 5.222643955508642577e+00 0.000000000000000000e+00
5.424637623754811955e+00 5.295844265705745180e+00 0.000000000000000000e+00
4.984152663626494117e+00 5.142500218234102860e+00 1.000000000000000000e+00
5.992075160041559378e+00 5.065001479338517854e+00 1.000000000000000000e+00
5.478366096932310469e+00 4.766777337909910095e+00 1.000000000000000000e+00
5.968589779173600007e+00 5.203162222823718430e+00 1.000000000000000000e+00
5.977047556930184413e+00 5.168101432169567744e+00 1.000000000000000000e+00
5.299519318033654613e+00 5.419194925111600725e+00 0.000000000000000000e+00
5.070940130884755703e+00 4.979189981279261268e+00 1.000000000000000000e+00
4.955176098825777586e+00 5.252513559641259988e+00 1.000000000000000000e+00
5.470637518715530945e+00 4.773906449161090748e+00 1.000000000000000000e+00
4.490871949276020736e+00 5.015798023009494067e+00 0.000000000000000000e+00
4.896198261331629276e+00 5.507654373666126091e+00 0.000000000000000000e+00
5.511240718952576501e+00 4.693272249863234435e+00 1.000000000000000000e+00
4.759751338969063994e+00 5.402030609514372195e+00 0.000000000000000000e+00
5.743684101641154172e+00 4.842725305539833158e+00 1.000000000000000000e+00
5.306219213340048313e+00 4.783522292786322794e+00 1.000000000000000000e+00
4.995287049508577937e+00 5.504381082129135017e+00 0.000000000000000000e+00
5.386513231653120570e+00 5.320146711427592656e+00 0.000000000000000000e+00
4.891443040956223065e+00 5.434169015941925807e+00 0.000000000000000000e+00
5.293660961537883125e+00 5.381795373192779230e+00 0.000000000000000000e+00
4.974043726652309871e+00 5.495130603129368296e+00 0.000000000000000000e+00
5.146224138640601353e+00 4.822393106276597230e+00 1.000000000000000000e+00
5.323117461344168966e+00 4.759300785420004232e+00 1.000000000000000000e+00
5.097390949054733333e+00 4.876399038622373006e+00 1.000000000000000000e+00
4.569907519247081495e+00 5.162505018246678290e+00 0.000000000000000000e+00
5.875181224959347581e+00 4.937390803710454357e+00 1.000000000000000000e+00
5.955111531835721728e+00 5.029806603755101690e+00 1.000000000000000000e+00
5.068818344987930935e+00 4.974947789585630886e+00 1.000000000000000000e+00
5.997028253287749244e+00 5.144475800458732984e+00 1.000000000000000000e+00
4.594952180090974281e+00 5.285566904056972604e+00 0.000000000000000000e+00
5.002470872703471905e+00 5.093598386215470342e+00 1.000000000000000000e+00
5.900057097846677756e+00 4.986709047877806000e+00 1.000000000000000000e+00
5.325441057654942689e+00 4.810764639569510948e+00 1.000000000000000000e+00
4.529395970610329059e+00 5.054906841735624212e+00 0.000000000000000000e+00
5.404763528386776983e+00 5.248124484662763045e+00 0.000000000000000000e+00
4.845251929839526461e+00 5.448494021934906506e+00 0.000000000000000000e+00
5.818464519543080193e+00 4.863229781600762358e+00 1.000000000000000000e+00
5.047642030222515785e+00 5.053856929144354027e+00 1.000000000000000000e+00
5.255202369676880814e+00 4.818665231455352860e+00 1.000000000000000000e+00
5.020087829019112213e+00 5.087148429020734497e+00 1.000000000000000000e+00
5.432756323475771865e+00 4.726078347666575752e+00 1.000000000000000000e+00
6.007227460022757093e+00 5.278466599340310594e+00 1.000000000000000000e+00
5.450907733072368089e+00 5.014972228755913086e+00 0.000000000000000000e+00
5.510621708891176418e+00 5.146747493758435432e+00 0.000000000000000000e+00
4.586985990339575991e+00 5.171523527678215437e+00 0.000000000000000000e+00
5.225592248808633045e+00 5.427833016240189323e+00 0.000000000000000000e+00
5.215254874132133622e+00 5.441144638888499863e+00 0.000000000000000000e+00
4.491095050399970923e+00 5.023386558743999863e+00 0.000000000000000000e+00
5.221999337939601915e+00 -5.051986279278883885e+00 2.000000000000000000e+00
5.448620485330954111e+00 -5.720770605247662566e+00 2.000000000000000000e+00
5.412024650539700055e+00 -5.216740953634948497e+00 2.000000000000000000e+00
5.205255338900535378e+00 -5.044072104546315494e+00 2.000000000000000000e+00
4.670481906106378922e+00 -4.876055615297411272e+00 2.000000000000000000e+00
5.490448437069927579e+00 -5.402735769289703782e+00 2.000000000000000000e+00
4.722556689175021027e+00 -4.915962990274945099e+00 2.000000000000000000e+00
4.738323601396546181e+00 -5.926058050521200826e+00 2.000000000000000000e+00
4.529036030799268531e+00 -5.667907533227941386e+00 2.000000000000000000e+00
4.554728419306008469e+00 -4.727449377722328094e+00 2.000000000000000000e+00
5.191087556789906188e+00 -5.962044960626197820e+00 2.000000000000000000e+00
5.134487282955903176e+00 -5.018426360020464827e+00 2.000000000000000000e+00
5.299120785575224701e+00 -5.099342096500192767e+00 2.000000000000000000e+00
4.617977055100351613e+00 -5.822580950414311118e+00 2.000000000000000000e+00
5.392066317241957840e+00 -4.189703363079248177e+00 2.000000000000000000e+00
5.340681074971683095e+00 -4.134026769891377739e+00 2.000000000000000000e+00
5.490949737144536158e+00 -4.405298597699345287e+00 2.000000000000000000e+00
5.003362206638459320e+00 -5.999988695438727149e+00 2.000000000000000000e+00
5.248451800704301284e+00 -5.933902872457409217e+00 2.000000000000000000e+00
4.830577178137412275e+00 -5.970420989574357407e+00 2.000000000000000000e+00
4.510118003281332832e+00 -5.600078115944155499e+00 2.000000000000000000e+00
5.158274702483191199e+00 -5.974288012239248324e+00 2.000000000000000000e+00
4.822437183073891021e+00 -4.967409291783192238e+00 2.000000000000000000e+00
5.238688617963017435e+00 -5.939349227443163848e+00 2.000000000000000000e+00
5.220218838876522938e+00 -4.051108406178199672e+00 2.000000000000000000e+00
5.484198889446997072e+00 -5.375294605336036646e+00 2.000000000000000000e+00
5.108979851983292519e+00 -4.012021115352621514e+00 2.000000000000000000e+00
4.566459366421811161e+00 -5.749083357606691536e+00 2.000000000000000000e+00
5.102231742197062658e+00 -5.010562904054715716e+00 2.000000000000000000e+00
4.639830037523681838e+00 -4.846810608444735102e+00 2.000000000000000000e+00
4.601418531170783588e+00 -4.198117882765566300e+00 2.000000000000000000e+00
5.264321456498805674e+00 -5.924422157332001504e+00 2.000000000000000000e+00
4.799195362833845735e+00 -4.957905555428812505e+00 2.000000000000000000e+00
5.300589139742694300e+00 -5.100442533458894090e+00 2.000000000000000000e+00
5.492180277921126397e+00 -4.411917231960597263e+00 2.000000000000000000e+00
5.447557357655920640e+00 -5.277082051848554833e+00 2.000000000000000000e+00
5.435313961024188067e+00 -5.254028954270157925e+00 2.000000000000000000e+00
5.446073768312543528e+00 -5.274127927305195307e+00 2.000000000000000000e+00
4.568637385701402209e+00 -5.752836498523214104e+00 2.000000000000000000e+00
5.494909300899626814e+00 -5.571167295038120137e+00 2.000000000000000000e+00
4.515136927266551581e+00 -4.622097504886374608e+00 2.000000000000000000e+00
4.720383689659233717e+00 -4.914505390786919392e+00 2.000000000000000000e+00
5.478858940845719339e+00 -5.643854491664724193e+00 2.000000000000000000e+00
5.421593688655524268e+00 -4.231190101213089250e+00 2.000000000000000000e+00
5.499999777717221150e+00 -5.500471468693799437e+00 2.000000000000000000e+00
5.499649832584906584e+00 -5.518709484169122881e+00 2.000000000000000000e+00
4.799772842444636645e+00 -4.041841637228676731e+00 2.000000000000000000e+00
5.174120784398446915e+00 -4.031297586478936879e+00 2.000000000000000000e+00
4.507102303208821326e+00 -4.416024643508042580e+00 2.000000000000000000e+00
4.520352416774923832e+00 -4.641202676696809526e+00 2.000000000000000000e+00
5.307185677571991889e+00 -5.105491496296167497e+00 2.000000000000000000e+00
4.726545734230886531e+00 -4.918596183131995758e+00 2.000000000000000000e+00
4.502998613056267807e+00 -5.554677430224974621e+00 2.000000000000000000e+00
5.286042891536348876e+00 -4.089903103886991076e+00 2.000000000000000000e+00
4.806294915054650119e+00 -4.039046271230707141e+00 2.000000000000000000e+00
5.025234244364020775e+00 -4.000637173078154696e+00 2.000000000000000000e+00
5.495923341423946340e+00 -5.436281561295747800e+00 2.000000000000000000e+00
4.635650331850220240e+00 -4.157583120569173118e+00 2.000000000000000000e+00
4.843897348513394263e+00 -4.975007328573835430e+00 2.000000000000000000e+00
4.665500723120292292e+00 -4.128368147534481558e+00 2.000000000000000000e+00
5.036239844138636457e+00 -4.001315055674620424e+00 2.000000000000000000e+00
5.252997490913302592e+00 -4.068731789263835275e+00 2.000000000000000000e+00
5.497628985310082150e+00 -5.451364694107487807e+00 2.000000000000000000e+00
5.132619933961917624e+00 -4.017908770961411413e+00 2.000000000000000000e+00
4.860885994422466716e+00 -4.019742471738157796e+00 2.000000000000000000e+00
4.527558655167402968e+00 -4.663704537789173266e+00 2.000000000000000000e+00
5.058020360586477082e+00 -5.996622228416544687e+00 2.000000000000000000e+00
5.304832685711676099e+00 -4.103670549010288049e+00 2.000000000000000000e+00
4.978275310021569311e+00 -5.999527814886559618e+00 2.000000000000000000e+00
5.308565043257250871e+00 -4.106569429149626416e+00 2.000000000000000000e+00
4.512255547606883077e+00 -5.610024311675822162e+00 2.000000000000000000e+00
4.854412195650700923e+00 -4.978334810801753996e+00 2.000000000000000000e+00
4.511944749214754857e+00 -5.608637342479237731e+00 2.000000000000000000e+00
5.417503565178201086e+00 -5.224880438602611754e+00 2.000000000000000000e+00
5.387459377067374433e+00 -5.816030427526468038e+00 2.000000000000000000e+00
5.466283582894258863e+00 -4.319501744265235033e+00 2.000000000000000000e+00
4.555628322351245707e+00 -4.270797443069167088e+00 2.000000000000000000e+00
5.212051164178009621e+00 -4.047192862500213373e+00 2.000000000000000000e+00
4.530405787370577642e+00 -4.328298877508175657e+00 2.000000000000000000e+00
5.218299086354478256e+00 -4.050171689533884845e+00 2.000000000000000000e+00
4.505223361965133400e+00 -4.427916170641992721e+00 2.000000000000000000e+00
4.638528588165129918e+00 -4.845453930975037515e+00 2.000000000000000000e+00
5.411371615034100024e+00 -4.215793394967259466e+00 2.000000000000000000e+00
5.485284893476996437e+00 -5.620410016871605130e+00 2.000000000000000000e+00
5.293643954489613890e+00 -5.095310949009363988e+00 2.000000000000000000e+00
4.599058336235056110e+00 -4.201259674202830752e+00 2.000000000000000000e+00
5.108679391983097950e+00 -5.011954111011900359e+00 2.000000000000000000e+00
5.316502152668032721e+00 -4.112925863229663470e+00 2.000000000000000000e+00
5.328102663914273229e+00 -5.122708810158045800e+00 2.000000000000000000e+00
4.606963932287568397e+00 -5.809067386628141705e+00 2.000000000000000000e+00
4.504832945086183926e+00 -4.430648808748672174e+00 2.000000000000000000e+00
5.499987717364095197e+00 -5.503504637647678166e+00 2.000000000000000000e+00
5.161373672565455095e+00 -4.026757421819699978e+00 2.000000000000000000e+00
5.446227220121825141e+00 -5.725568765617822464e+00 2.000000000000000000e+00
4.542241376121658902e+00 -4.298860639692258623e+00 2.000000000000000000e+00
4.922443624617889313e+00 -4.006051613386996557e+00 2.000000000000000000e+00
5.363988015053600122e+00 -5.157198709312027063e+00 2.000000000000000000e+00
5.491048408333668363e+00 -4.405811568263556133e+00 2.000000000000000000e+00
5.020697042713438307e+00 -5.999571448766758408e+00 2.000000000000000000e+00
5.499510479739573299e+00 -4.477880311251256629e+00 2.000000000000000000e+00
-4.785669282008401026e+00 -5.337731170200806119e+00 4.000000000000000000e+00
-5.212889645782536441e+00 -5.452413526233010010e+00 3.000000000000000000e+00
-5.267913397489498273e+00 -5.422163962751007205e+00 3.000000000000000000e+00
-5.484291580564315538e+00 -5.124344943582427092e+00 3.000000000000000000e+00
-5.464888242944125452e+00 -4.815937723657660818e+00 3.000000000000000000e+00
-5.350522672017545389e+00 -5.192701469640685907e+00 4.000000000000000000e+00
-4.535111757055874548e+00 -4.815937723657660818e+00 3.000000000000000000e+00
-4.681288005125654905e+00 -4.614743378612105040e+00 3.000000000000000000e+00
-4.628089405644699283e+00 -4.852750178926128477e+00 4.000000000000000000e+00
-4.829688283373970492e+00 -4.638069179013592169e+00 4.000000000000000000e+00
-4.681288005125654905e+00 -5.385256621387894072e+00 3.000000000000000000e+00
-4.561846659978067819e+00 -4.759123162949141950e+00 3.000000000000000000e+00
-5.438153340021932181e+00 -5.240876837050858050e+00 3.000000000000000000e+00
-4.612566735548547570e+00 -4.900524045134058149e+00 4.000000000000000000e+00
-5.396845880525790839e+00 -4.949866706574278297e+00 4.000000000000000000e+00
-5.093690657292862412e+00 -4.508856374635655584e+00 3.000000000000000000e+00
-4.595491502812526718e+00 -4.706107373853763320e+00 3.000000000000000000e+00
-5.170311716626029508e+00 -4.638069179013592169e+00 4.000000000000000000e+00
-5.323606797749978803e+00 -4.764885899083010301e+00 4.000000000000000000e+00
-5.025116207811725744e+00 -4.600789308628691288e+00 4.000000000000000000e+00
-4.829688283373970492e+00 -5.361930820986407831e+00 4.000000000000000000e+00
-4.603154119474209161e+00 -5.050133293425721703e+00 4.000000000000000000e+00
-4.708412549031435468e+00 -4.726181157628524865e+00 4.000000000000000000e+00
-5.254969595899475543e+00 -5.308205297110315968e+00 4.000000000000000000e+00
-5.318711994874345095e+00 -5.385256621387894960e+00 3.000000000000000000e+00
-4.635515686289293669e+00 -5.342273552964344141e+00 3.000000000000000000e+00
-5.387433264451452430e+00 -5.099475954865941851e+00 4.000000000000000000e+00
-4.785669282008401026e+00 -4.662268829799193881e+00 4.000000000000000000e+00
-4.649477327982454611e+00 -5.192701469640685907e+00 4.000000000000000000e+00
-5.291587450968564532e+00 -5.273818842371475135e+00 4.000000000000000000e+00
-5.154508497187474170e+00 -5.475528258147576821e+00 3.000000000000000000e+00
-5.396845880525790839e+00 -5.050133293425721703e+00 4.000000000000000000e+00
-4.876393202250021375e+00 -4.619577393481938188e+00 4.000000000000000000e+00
-4.745030404100523569e+00 -5.308205297110315968e+00 4.000000000000000000e+00
-4.603154119474209161e+00 -4.949866706574278297e+00 4.000000000000000000e+00
-5.031395259764656736e+00 -5.499013364214135891e+00 3.000000000000000000e+00
-4.845491502812526718e+00 -5.475528258147576821e+00 3.000000000000000000e+00
-5.123606797749978625e+00 -4.619577393481938188e+00 4.000000000000000000e+00
-4.906309342707137588e+00 -5.491143625364344416e+00 3.000000000000000000e+00
-4.612566735548547570e+00 -5.099475954865941851e+00 4.000000000000000000e+00
-4.515708419435684462e+00 -5.124344943582427092e+00 3.000000000000000000e+00
-5.371910594355300717e+00 -5.147249821073871523e+00 4.000000000000000000e+00
-5.214330717991598974e+00 -5.337731170200806119e+00 4.000000000000000000e+00
-5.364484313710705443e+00 -4.657726447035655859e+00 3.000000000000000000e+00
-5.154508497187474170e+00 -4.524471741852423179e+00 3.000000000000000000e+00
-5.318711994874345095e+00 -4.614743378612105040e+00 3.000000000000000000e+00
-5.438153340021932181e+00 -4.759123162949142838e+00 3.000000000000000000e+00
-4.635515686289294557e+00 -4.657726447035655859e+00 3.000000000000000000e+00
-5.093690657292862412e+00 -5.491143625364344416e+00 3.000000000000000000e+00
-5.074952525834289574e+00 -5.392914900291475355e+00 4.000000000000000000e+00
-4.503942649342761229e+00 -4.937333383217847427e+00 3.000000000000000000e+00
-5.404508497187473282e+00 -4.706107373853763320e+00 3.000000000000000000e+00
-5.364484313710705443e+00 -5.342273552964344141e+00 3.000000000000000000e+00
-5.496057350657238771e+00 -4.937333383217848315e+00 3.000000000000000000e+00
-5.212889645782536441e+00 -4.547586473766989990e+00 3.000000000000000000e+00
-5.123606797749978625e+00 -5.380422606518061812e+00 4.000000000000000000e+00
-4.925047474165709538e+00 -5.392914900291475355e+00 4.000000000000000000e+00
-4.561846659978067819e+00 -5.240876837050858050e+00 3.000000000000000000e+00
-4.676393202250021197e+00 -4.764885899083010301e+00 4.000000000000000000e+00
-5.496057350657238771e+00 -5.062666616782152573e+00 3.000000000000000000e+00
-5.464888242944125452e+00 -5.184062276342339182e+00 3.000000000000000000e+00
-5.254969595899475543e+00 -4.691794702889684032e+00 4.000000000000000000e+00
-5.214330717991598974e+00 -4.662268829799193881e+00 4.000000000000000000e+00
-5.371910594355300717e+00 -4.852750178926128477e+00 4.000000000000000000e+00
-4.787110354217463559e+00 -4.547586473766989990e+00 3.000000000000000000e+00
-4.503942649342761229e+00 -5.062666616782151685e+00 3.000000000000000000e+00
-4.925047474165710426e+00 -4.607085099708524645e+00 4.000000000000000000e+00
-4.974883792188274256e+00 -4.600789308628691288e+00 4.000000000000000000e+00
-4.876393202250021375e+00 -5.380422606518061812e+00 4.000000000000000000e+00
-4.906309342707137588e+00 -4.508856374635655584e+00 3.000000000000000000e+00
-4.535111757055874548e+00 -5.184062276342339182e+00 3.000000000000000000e+00
-4.974883792188274256e+00 -5.399210691371308712e+00 4.000000000000000000e+00
-4.968604740235343264e+00 -4.500986635785864109e+00 3.000000000000000000e+00
-5.031395259764656736e+00 -4.500986635785864109e+00 3.000000000000000000e+00
-5.025116207811724856e+00 -5.399210691371308712e+00 4.000000000000000000e+00
-4.599999999999999645e+00 -5.000000000000000000e+00 4.000000000000000000e+00
-4.649477327982454611e+00 -4.807298530359314093e+00 4.000000000000000000e+00
-4.745030404100524457e+00 -4.691794702889684032e+00 4.000000000000000000e+00
-4.968604740235343264e+00 -5.499013364214135891e+00 3.000000000000000000e+00
-4.595491502812525830e+00 -5.293892626146236680e+00 3.000000000000000000e+00
-5.404508497187473282e+00 -5.293892626146236680e+00 3.000000000000000000e+00
-5.350522672017545389e+00 -4.807298530359314093e+00 4.000000000000000000e+00
-5.400000000000000355e+00 -5.000000000000000000e+00 4.000000000000000000e+00
-4.845491502812526718e+00 -4.524471741852423179e+00 3.000000000000000000e+00
-4.515708419435684462e+00 -4.875655056417572908e+00 3.000000000000000000e+00
-5.267913397489498273e+00 -4.577836037248992795e+00 3.000000000000000000e+00
-4.708412549031435468e+00 -5.273818842371475135e+00 4.000000000000000000e+00
-5.387433264451452430e+00 -4.900524045134058149e+00 4.000000000000000000e+00
-5.500000000000000000e+00 -5.000000000000000000e+00 3.000000000000000000e+00
-5.291587450968564532e+00 -4.726181157628524865e+00 4.000000000000000000e+00
-5.484291580564315538e+00 -4.875655056417572908e+00 3.000000000000000000e+00
-4.787110354217463559e+00 -5.452413526233010010e+00 3.000000000000000000e+00
-5.170311716626028620e+00 -5.361930820986407831e+00 4.000000000000000000e+00
-5.323606797749978803e+00 -5.235114100916989699e+00 4.000000000000000000e+00
-4.676393202250021197e+00 -5.235114100916988811e+00 4.000000000000000000e+00
-4.500000000000000000e+00 -5.000000000000000000e+00 3.000000000000000000e+00
-5.074952525834289574e+00 -4.607085099708524645e+00 4.000000000000000000e+00
-4.732086602510501727e+00 -4.577836037248992795e+00 3.000000000000000000e+00
-4.628089405644699283e+00 -5.147249821073871523e+00 4.000000000000000000e+00
-4.732086602510501727e+00 -5.422163962751007205e+00 3.000000000000000000e+00
1.248057188209374058e+00 -1.098549509310282613e+00 5.000000000000000000e+00
-7.378788246694902853e-01 -1.803769377366105431e+00 5.000000000000000000e+00
2.932282017322505485e+00 -1.226854809381777267e+00 5.000000000000000000e+00
-2.286181485289969118e+00 -1.384681748526000789e+00 5.000000000000000000e+00
-1.508430182735680525e+00 4.537788388863571498e+00 5.000000000000000000e+00
3.727883072754164751e+00 6.133725336461975708e+00 5.000000000000000000e+00
2.510974115260832917e+00 5.501367913937687426e+00 5.000000000000000000e+00
1.779290431206892453e+00 -6.642280132728714537e-02 5.000000000000000000e+00
3.911805837302876898e-01 3.985756750363654177e+00 5.000000000000000000e+00
7.545264447218622550e-01 -5.270559525021840663e-01 5.000000000000000000e+00
3.070115837091168753e+00 2.800397705091376643e+00 5.000000000000000000e+00
6.027144205829761958e+00 2.667305466622314825e+00 5.000000000000000000e+00
-1.309168220360922508e+00 -8.879745971240771141e-01 5.000000000000000000e+00
-1.623855000405402649e+00 1.122810286918669354e+00 5.000000000000000000e+00
-3.825094606771477501e+00 3.672528416501932735e+00 5.000000000000000000e+00
-1.723834546023461201e+00 -4.523754223060729274e+00 5.000000000000000000e+00
4.119888446710065821e+00 9.791815133858279285e-01 5.000000000000000000e+00
1.692342919003049673e+00 1.086932487180753970e+00 5.000000000000000000e+00
7.399332005535705914e-01 3.862978857464546834e-02 5.000000000000000000e+00
-7.406949969796534639e-01 5.781356767813167430e+00 5.000000000000000000e+00
2.116334287163272876e+00 -4.044819715177559338e+00 5.000000000000000000e+00
-7.958341723532078582e-01 8.094579088098992070e-01 5.000000000000000000e+00
1.577972801389937896e+00 -6.568255499570485600e-01 5.000000000000000000e+00
-4.094474090960544821e+00 -1.134000518431695692e+00 5.000000000000000000e+00
-1.332632108318223096e+00 1.523110789775482532e+00 5.000000000000000000e+00
-2.916928837669509278e+00 2.558185787169831027e+00 5.000000000000000000e+00
6.684168417522839079e+00 -5.488649834469813138e-01 5.000000000000000000e+00
-2.672114174718894120e+00 -1.305043057347176960e+00 5.000000000000000000e+00
4.265947269298182576e+00 1.782378455375543069e+00 5.000000000000000000e+00
-3.323894945552904545e+00 -1.197667787291551544e+00 5.000000000000000000e+00
-8.833342545609179641e-02 -2.526285403663970808e+00 5.000000000000000000e+00
-1.554529126618575230e+00 1.989358949020718637e+00 5.000000000000000000e+00
1.899733259622214732e+00 -5.236543112004557465e-02 5.000000000000000000e+00
4.122745443509622021e+00 -1.130435996361160988e-01 5.000000000000000000e+00
-1.435867438669223617e+00 7.122107199533782296e-02 5.000000000000000000e+00
1.643655184034920058e-01 -1.507080193648165700e+00 5.000000000000000000e+00
-2.589548210977801745e-01 -4.931055845500350365e+00 5.000000000000000000e+00
2.591302334105505700e+00 9.475888674498098574e-01 5.000000000000000000e+00
1.174914262610808224e+00 -4.504449195358536606e+00 5.000000000000000000e+00
3.277937520948624339e+00 4.583948993236797165e+00 5.000000000000000000e+00
-7.569215666671194054e-01 -6.134235981824830430e-01 5.000000000000000000e+00
-3.272872000123394076e-01 3.213814223335442755e+00 5.000000000000000000e+00
-5.923843874986893798e-01 -3.039464869799679558e+00 5.000000000000000000e+00
8.083751687715448053e-01 2.664370412345642425e+00 5.000000000000000000e+00
1.897305473750923621e+00 4.570934557449207958e+00 5.000000000000000000e+00
-1.879532311769996911e-01 1.083484197324251275e+00 5.000000000000000000e+00
4.909862384904359445e+00 2.135090582597245934e+00 5.000000000000000000e+00
6.676223895886528314e-01 -2.717872483417647089e+00 5.000000000000000000e+00
-1.638270197239503956e+00 2.532185889257588585e+00 5.000000000000000000e+00
5.620967021613523240e-01 6.075035316269795649e-01 5.000000000000000000e+00
-3.471272664278646225e+00 3.273996154438080897e+00 5.000000000000000000e+00
-1.006895004736122257e+00 4.083067932620876306e+00 5.000000000000000000e+00
3.530291869460678633e+00 5.412901219002010933e+00 5.000000000000000000e+00
2.746350361387234429e+00 3.230871244320046021e+00 5.000000000000000000e+00
2.193848473693715828e+00 3.734247038592807932e+00 5.000000000000000000e+00
-5.804176859624796236e+00 -2.894009644399929027e+00 5.000000000000000000e+00
3.454034076289234978e+00 -2.983015407972632982e+00 5.000000000000000000e+00
2.386558718555005676e+00 4.020272983930279764e+00 5.000000000000000000e+00
-3.710782974670430723e-01 -4.964224406895251240e-01 5.000000000000000000e+00
-2.453505036568533360e+00 -1.887144941473224868e+00 5.000000000000000000e+00
1.975391998957773954e+00 -2.031237892234441400e+00 5.000000000000000000e+00
-9.532524694621280492e-01 3.646609803416126283e+00 5.000000000000000000e+00
1.853838284456350571e+00 2.745516745812777160e+00 5.000000000000000000e+00
5.217958150234778714e+00 9.673396843973953718e-01 5.000000000000000000e+00
5.727276259003135195e+00 -5.130677864868392390e+00 5.000000000000000000e+00
-3.096753709196672144e+00 2.671945881953649682e+00 5.000000000000000000e+00
-2.863782346261147360e+00 2.990181025186412489e-01 5.000000000000000000e+00
1.078981966744047671e+00 -1.696402804941415710e+00 5.000000000000000000e+00
1.195163218121372495e+00 8.959881435220541590e+00 5.000000000000000000e+00
8.196746609521161631e-01 3.459953316465674833e-03 5.000000000000000000e+00
-8.823799520334456581e-01 -3.968188417049033134e+00 5.000000000000000000e+00
-3.279733805159021909e-01 -6.763202655821214382e-01 5.000000000000000000e+00
-1.584135002339269072e+00 8.520275114265827288e-01 5.000000000000000000e+00
2.316069935788052536e+00 -3.605689882192801288e-01 5.000000000000000000e+00
-2.608468011138699527e+00 9.081311560471279076e-01 5.000000000000000000e+00
-5.448822832422471230e+00 -1.918879637874306265e+00 5.000000000000000000e+00
4.198719023885564283e+00 -9.024831350266966368e-01 5.000000000000000000e+00
-3.473822650347020868e+00 -7.064836215225001936e+00 5.000000000000000000e+00
1.012607646150837759e+00 5.200470563015041625e-02 5.000000000000000000e+00
-3.370873971257776880e+00 -9.043078923928010937e+00 5.000000000000000000e+00
5.693086345778668900e+00 2.486103583253592986e-01 5.000000000000000000e+00
1.611746014467682508e+00 -1.345411185267983534e+00 5.000000000000000000e+00
3.349876091526896360e+00 -6.432047772298455923e-01 5.000000000000000000e+00
4.027043165668696467e+00 2.985953191889981984e+00 5.000000000000000000e+00
2.014837313980587741e+00 3.156759563567217874e+00 5.000000000000000000e+00
4.214296274276227550e+00 9.610140441426745506e-01 5.000000000000000000e+00
-6.109634720634182781e-01 2.749790545245476725e+00 5.000000000000000000e+00
-5.314794049921217400e+00 -3.222888874531920855e+00 5.000000000000000000e+00
-4.467858700024038843e-01 -4.844822025440815416e+00 5.000000000000000000e+00
-2.593305644621919370e+00 2.769318739615718172e-01 5.000000000000000000e+00
-1.132652444630339282e-02 1.144950601992715367e+00 5.000000000000000000e+00
7.431412818433823508e-01 4.657038593090707224e+00 5.000000000000000000e+00
2.644743649286856346e+00 -6.239355582225362129e-01 5.000000000000000000e+00
3.667983080725953915e+00 -4.878636215633089357e+00 5.000000000000000000e+00
7.740209717428796488e+00 6.610382372150727104e-01 5.000000000000000000e+00
5.356967099516348085e+00 -3.119923186743723598e+00 5.000000000000000000e+00
-1.930566145872560035e+00 -3.301937092168753196e+00 5.000000000000000000e+00
-1.534038903617973570e-01 6.006600756044734091e+00 5.000000000000000000e+00
3.396118345612578082e+00 -2.856992938796589332e+00 5.000000000000000000e+00
-4.176963449095199898e+00 1.360056158997382081e+00 5.000000000000000000e+00
2.270902551205137065e+00 2.421255266383258498e+00 5.000000000000000000e+00
1.935477946472705657e+00 5.626741054157049504e+00 5.000000000000000000e+00
-3.071470731947686161e+00 1.801412538715448652e-01 5.000000000000000000e+00
1.661689878701274825e+00 5.525592549343906201e-01 5.000000000000000000e+00
-5.942770051506252926e+00 2.400220875738001691e-01 5.000000000000000000e+00
7.697399767969653972e+00 -3.900979420129747077e-01 5.000000000000000000e+00
-6.186650933259494778e+00 -1.561630217582306024e+00 5.000000000000000000e+00
-1.726007149537297725e+00 3.472537304993667640e+00 5.000000000000000000e+00
-4.963894535940765351e+00 7.832873546266537826e-03 5.000000000000000000e+00
1.587388156907968195e+00 -2.410059184238587449e+00 5.000000000000000000e+00
-3.226934058278198236e+00 -6.620724066501480820e+00 5.000000000000000000e+00
1.671523597705414088e-01 2.274827186207752483e+00 5.000000000000000000e+00
-3.227716735670133730e+00 -2.771443679466861543e+00 5.000000000000000000e+00
-1.905929878007296852e+00 4.164333622955624037e+00 5.000000000000000000e+00
-1.853319474158958424e-01 5.549310285189362979e+00 5.000000000000000000e+00
8.959542555753234883e-01 -2.200026820238858427e+00 5.000000000000000000e+00
-5.378526664596275708e+00 -7.082174190910845546e+00 5.000000000000000000e+00
2.526350536257107482e+00 -2.319792553227351950e-01 5.000000000000000000e+00
-1.106515723502967674e+00 -3.079504393127160622e+00 5.000000000000000000e+00
4.958188331447534125e+00 -2.623756433741068150e+00 5.000000000000000000e+00
3.969947441747243566e-01 2.681754800956286933e-01 5.000000000000000000e+00
-8.387098722891828118e-01 1.648832949145655480e+00 5.000000000000000000e+00
-9.057047873754213718e-01 2.518127167528198540e-01 5.000000000000000000e+00
-1.904033409948925559e+00 -1.787640116651633804e+00 5.000000000000000000e+00
2.926172542333824733e+00 5.763983944070020016e+00 5.000000000000000000e+00
-7.606611896734549738e-01 2.710966619769246133e+00 5.000000000000000000e+00
-2.117584551419380290e+00 1.156163739413760716e+00 5.000000000000000000e+00
4.222469098934329979e-01 -4.059648296663170619e+00 5.000000000000000000e+00
-6.796886219814608499e-01 3.052409393207091912e-02 5.000000000000000000e+00
-1.277175429422721997e+00 -5.321105872037505957e-01 5.000000000000000000e+00
-2.161370453588774332e+00 3.178804830457394370e+00 5.000000000000000000e+00
-1.534433319853400590e+00 4.939698438325165197e-01 5.000000000000000000e+00
4.294099542140176418e+00 -1.559865559669062929e+00 5.000000000000000000e+00
-3.280849519125461633e+00 -7.755634212817813733e+00 5.000000000000000000e+00
4.298274814723816561e+00 -8.481695650554521571e-01 5.000000000000000000e+00
-7.171183311135262528e+00 -5.387082941433301020e-01 5.000000000000000000e+00
-2.034208865874606587e-01 -2.803969864741510776e+00 5.000000000000000000e+00
3.600536200286962085e+00 -9.093930220568734457e-01 5.000000000000000000e+00
-1.976443178690648228e+00 6.246467001650091611e+00 5.000000000000000000e+00
-2.439206680679632200e+00 5.658429154306572340e-01 5.000000000000000000e+00
2.430036736916668882e+00 -2.863345449643903695e-01 5.000000000000000000e+00
4.411875728304224253e+00 -1.880492390765045929e+00 5.000000000000000000e+00
3.622706973783224260e+00 -5.110100009937184495e+00 5.000000000000000000e+00
7.022680864516784860e-01 4.242336672984221124e+00 5.000000000000000000e+00
1.471320069811511644e+00 -1.059709650879214760e+00 5.000000000000000000e+00
-3.117298346056869285e+00 1.279675475983559352e-01 5.000000000000000000e+00
1.842656625620525901e+00 7.179148425776585185e+00 5.000000000000000000e+00
-1.504709073020760624e+00 -6.882306823773489679e-01 5.000000000000000000e+00
1.993854376066597212e-01 -4.496202523988171329e+00 5.000000000000000000e+00
-2.004572941833310029e+00 -1.961285911872778787e+00 5.000000000000000000e+00
4.286891337282941472e-01 -2.879488275281639087e+00 5.000000000000000000e+00
-4.567979273666823659e+00 -2.509244123726192210e+00 5.000000000000000000e+00
-2.298697023372726189e+00 1.222091953639362405e+00 5.000000000000000000e+00
8.003115113792647506e+00 3.348529997941254166e+00 5.000000000000000000e+00
4.029636712617977956e+00 -1.224381656566154941e+00 5.000000000000000000e+00
3.421363104732495053e+00 2.161710957327367399e-01 5.000000000000000000e+00
2.506197658471133849e+00 3.596872705937480763e+00 5.000000000000000000e+00
8.204094573227700415e-01 -5.536944859112685080e+00 5.000000000000000000e+00
-6.203256831839980556e-01 -4.130198961766046395e+00 5.000000000000000000e+00
2.450605905899734260e+00 -7.954216185619851665e+00 5.000000000000000000e+00
1.981081563722033367e+00 -1.967705579707454078e+00 5.000000000000000000e+00
7.571392563939875586e+00 3.936650768838051206e+00 5.000000000000000000e+00
-5.348260946917370973e+00 1.852461297457371980e+00 5.000000000000000000e+00
6.823888756150658708e+00 4.786262196409273528e+00 5.000000000000000000e+00
4.906602305635695771e+00 -2.277998122746504706e+00 5.000000000000000000e+00
-2.612626615803582020e+00 -4.904496612407138745e-01 5.000000000000000000e+00
2.657013534508609442e+00 -2.341981287916018228e+00 5.000000000000000000e+00
-9.217285016183314195e-01 -1.509287737975740784e-01 5.000000000000000000e+00
-5.593246593494249019e+00 5.750731589898175677e+00 5.000000000000000000e+00
-1.477141974479777853e-01 1.151638827310857982e+00 5.000000000000000000e+00
-1.695660743326198094e+00 4.472933006223144936e+00 5.000000000000000000e+00
-5.141642944901128054e-01 2.338014096686370280e+00 5.000000000000000000e+00
-1.506361321438480783e-01 -3.166610020818005466e+00 5.000000000000000000e+00
4.985714082382772805e-01 2.150024733318844472e+00 5.000000000000000000e+00
-5.270440831665187398e-01 -4.505310967643620046e+00 5.000000000000000000e+00
-5.255757007816579396e-01 -4.018799639740549878e+00 5.000000000000000000e+00
-4.256279639846075824e+00 7.581897315139933369e+00 5.000000000000000000e+00
-3.715372036692896618e+00 -7.809710526777566830e-01 5.000000000000000000e+00
4.848393799383018177e+00 -1.403644523471129502e-01 5.000000000000000000e+00
1.546916010470104741e+00 -1.520520443877821926e+00 5.000000000000000000e+00
-3.502528149322931217e+00 -2.736420545585295461e+00 5.000000000000000000e+00
3.065985633952549083e+00 3.011471278271784957e+00 5.000000000000000000e+00
1.627079667199280877e+00 1.791673923871642815e-01 5.000000000000000000e+00
-1.602371357615357539e+00 -9.611457891444710189e-01 5.000000000000000000e+00
-3.612391827878639550e+00 9.170831143287761833e+00 5.000000000000000000e+00
1.502025350951852189e+00 -2.138642958165779095e+00 5.000000000000000000e+00
-2.654644964663965823e+00 -2.393968742680574913e+00 5.000000000000000000e+00
-9.956856410626294673e-01 2.788843723277766529e+00 5.000000000000000000e+00
6.262024236059957616e+00 2.221607258696798759e+00 5.000000000000000000e+00
5.245043183440336598e-01 -3.680835498305835785e+00 5.000000000000000000e+00
1.968365178115758285e+00 3.186455839091255071e-01 5.000000000000000000e+00
-3.494942107139042520e+00 -6.831525192393326229e-01 5.000000000000000000e+00
-2.025080323542212124e+00 4.961987469170284548e+00 5.000000000000000000e+00
-4.533595033489256632e-01 8.987604035440888151e-01 5.000000000000000000e+00
1.567700956357119146e+00 1.659980286870423871e+00 5.000000000000000000e+00
-2.956478443496667996e+00 -3.525616029387455441e+00 5.000000000000000000e+00
1.114752003118259394e+00 5.560253523628319039e-01 5.000000000000000000e+00
2.098685458276697613e+00 2.904986446114925069e+00 5.000000000000000000e+00
8.746406146760414835e-01 7.882655754985086194e-01 5.000000000000000000e+00
4.165500100139649220e+00 3.398889302240426069e+00 5.000000000000000000e+00
-1.835835484232053449e+00 -3.471123898102741467e+00 5.000000000000000000e+00
-3.668358192011641705e+00 -8.969910448183970875e-01 5.000000000000000000e+00
-4.346802989081325563e+00 2.785520049443568347e+00 5.000000000000000000e+00
6.131895785795462572e+00 4.321259318706600183e+00 5.000000000000000000e+00
-2.097175058635038170e+00 -2.293083320775413103e+00 5.000000000000000000e+00
-1.984693541159550545e+00 -1.607876988053673184e+00 5.000000000000000000e+00
-2.367038100309996285e+00 -1.802414575526599005e+00 5.000000000000000000e+00
-4.375484106094674197e-01 -6.005542938294940569e+00 5.000000000000000000e+00
3.386904072527058496e+00 2.433372430999972913e+00 5.000000000000000000e+00
2.681531351282947506e-01 -9.096881847946352906e+00 5.000000000000000000e+00
-1.017401401794020277e+00 1.453684608465674710e+00 5.000000000000000000e+00
3.981149980774741692e+00 -4.880510396923672389e-01 5.000000000000000000e+00
2.095915310647827531e-02 -1.672058983194326220e+00 5.000000000000000000e+00
-3.080749980797079957e+00 7.449188657604534081e-01 5.000000000000000000e+00
-7.861758183722811211e-01 9.435148790310405875e-01 5.000000000000000000e+00
1.794871713064092322e+00 3.193352037518549125e+00 5.000000000000000000e+00
-4.599821861152125990e+00 5.986791822468402469e-01 5.000000000000000000e+00
2.535817593640516954e+00 -3.059870584119225079e+00 5.000000000000000000e+00
-3.976143861209032515e+00 1.581016492741584401e+00 5.000000000000000000e+00
6.538652479324110978e+00 -9.934289664227229366e-01 5.000000000000000000e+00
-7.828270096250136700e-02 5.286997835911118049e-01 5.000000000000000000e+00
-1.180516348000502577e-02 3.887899061330909678e+00 5.000000000000000000e+00
-3.104075415874453014e+00 -2.106158233164744153e+00 5.000000000000000000e+00
1.196544005012751599e+00 3.676724712639714454e+00 5.000000000000000000e+00
1.401723914694392179e-03 1.590290288094301285e+00 5.000000000000000000e+00
-3.997167997823467989e+00 1.800254799354992663e+00 5.000000000000000000e+00
1.948215988952006317e+00 1.315883650772499358e+00 5.000000000000000000e+00
-2.833230054546497234e-01 3.680896496987823951e+00 5.000000000000000000e+00
3.049309654308769990e-01 2.467983621898847790e+00 5.000000000000000000e+00
-2.708743935906127387e+00 6.942718946878534414e-01 5.000000000000000000e+00
1.179554484556347482e+00 -1.951948661605570567e+00 5.000000000000000000e+00
3.878361388558918765e+00 -8.397285743321154516e-01 5.000000000000000000e+00
3.151014453120459802e-01 2.444070654840236223e+00 5.000000000000000000e+00
-1.998198476771673171e+00 3.022212499818985432e+00 5.000000000000000000e+00
9.484065656689030233e-01 -3.493093066949394809e-01 5.000000000000000000e+00
-4.896567337523723751e+00 -2.932315000966223106e+00 5.000000000000000000e+00
9.021748823845739951e-01 -8.300253583427601001e+00 5.000000000000000000e+00
6.370615534909178646e-01 -4.277439808346443328e+00 5.000000000000000000e+00
1.678448891402472665e+00 5.832207478179634919e+00 5.000000000000000000e+00
-4.612810100624432863e+00 -6.992203654867181969e-03 5.000000000000000000e+00
-6.745248780476103434e+00 -5.826211344997662689e-01 5.000000000000000000e+00
-1.940805369650515200e+00 -5.211965194566046122e-01 5.000000000000000000e+00
1.810106884032082419e+00 -1.360291705369300885e+00 5.000000000000000000e+00
-8.728844036264660211e-01 2.799409991333660308e+00 5.000000000000000000e+00
8.667193919267690561e-01 5.336941936979374468e+00 5.000000000000000000e+00
-2.202810804780692244e+00 4.310222043021997962e+00 5.000000000000000000e+00
-3.306634164952535038e+00 -3.964698905747068847e-02 5.000000000000000000e+00
4.836091748017752323e+00 4.165608024223102390e+00 5.000000000000000000e+00
-7.939795898617499903e-01 -2.183313912150137259e+00 5.000000000000000000e+00
-8.876863695052079617e-01 2.083583152965144958e+00 5.000000000000000000e+00
1.364649457619507622e+00 -3.766878349225639688e-01 5.000000000000000000e+00
-3.326731581526911619e+00 4.014393540896447066e-01 5.000000000000000000e+00
4.425040473794276785e+00 1.497417327356119987e+00 5.000000000000000000e+00
-6.605396504343556963e+00 -8.986543422752049648e-02 5.000000000000000000e+00
-1.129474566867616048e+00 2.333234908172233668e-01 5.000000000000000000e+00
4.181293442343951283e-01 -2.186841689573529202e+00 5.000000000000000000e+00
-2.699243351184242634e+00 -8.681689630099879151e-01 5.000000000000000000e+00
-8.004475376982045365e-01 1.392720506654569590e+00 5.000000000000000000e+00
3.116346919243746072e+00 -1.148246269281557153e+00 5.000000000000000000e+00
-4.144756522567498713e+00 -7.561448174097411268e-02 5.000000000000000000e+00
3.689389484092996163e+00 -3.351466342518394814e+00 5.000000000000000000e+00
5.167092594236631697e+00 4.555794070474877167e+00 5.000000000000000000e+00
-1.914947714665811151e+00 1.744503717457245973e+00 5.000000000000000000e+00
-6.823252309088001510e+00 -2.881350665085539831e+00 5.000000000000000000e+00
2.255585188028022436e+00 -8.077200450103422247e-01 5.000000000000000000e+00
-1.044735330895403269e+00 -2.574802882017318328e+00 5.000000000000000000e+00
3.682604879340172666e+00 -2.748043823739104052e+00 5.000000000000000000e+00
-1.220762451935711868e+00 -2.495328196953693067e-01 5.000000000000000000e+00
-1.598557265266349336e+00 -7.727895786114989951e-01 5.000000000000000000e+00
-1.406750956355464988e+00 -1.036784381942702726e+00 5.000000000000000000e+00
-1.461430076603890571e+00 -1.594458254270717301e+00 5.000000000000000000e+00
-2.713782003963628231e+00 -3.640790481090099728e+00 5.000000000000000000e+00
-1.629502800825652464e+00 1.339320304928447225e+00 5.000000000000000000e+00
1.632615156566021852e+00 -3.046700445986880723e-01 5.000000000000000000e+00
-4.361221315438003288e+00 -2.307399036026724914e+00 5.000000000000000000e+00
3.337645912440386553e+00 1.739622118380847571e+00 5.000000000000000000e+00
-2.257879819294291046e+00 -1.461503590187908763e+00 5.000000000000000000e+00
-7.610784966130820228e-01 1.809357262989749415e+00 5.000000000000000000e+00
5.300817732731718523e-01 -3.863361729601856531e+00 5.000000000000000000e+00
-3.844430086724556217e-01 1.937746114580595869e+00 5.000000000000000000e+00
4.966624429184371969e+00 1.113662031697792099e+00 5.000000000000000000e+00
3.338209777743827544e+00 -1.855376786094621089e+00 5.000000000000000000e+00
9.605024670534678677e-01 2.535384014706794531e+00 5.000000000000000000e+00
2.544349978866029982e+00 -1.430572759514682879e+00 5.000000000000000000e+00
-5.365012912960855473e+00 1.536433712874907265e+00 5.000000000000000000e+00
6.019147944820327778e-01 -4.551104793103915469e+00 5.000000000000000000e+00
5.933213796988826005e-02 1.576540287501075444e+00 5.000000000000000000e+00
1.089012481307195968e+00 6.124763042571241822e-01 5.000000000000000000e+00
6.854589293647492809e-01 3.769712276427961695e-01 5.000000000000000000e+00
-5.885006780443408303e+00 -8.405186863264517694e-01 5.000000000000000000e+00
9.496629074975946327e-01 1.978929673471342188e+00 5.000000000000000000e+00
4.842498829311054465e+00 8.271039430080611154e-01 5.000000000000000000e+00
1.191144282548741273e+00 -5.953733455386652773e-01 5.000000000000000000e+00
-1.654113845729248577e+00 5.407848497936463161e+00 5.000000000000000000e+00
5.803521183297024599e-01 -1.338046357053640723e+00 5.000000000000000000e+00
-3.170905118253052990e+00 2.932809898385958514e-01 5.000000000000000000e+00
-3.358597263232393271e+00 8.295840827365605907e-01 5.000000000000000000e+00
-3.648351321479737841e+00 -1.855696436644354852e-01 5.000000000000000000e+00
-5.799385102371701350e-01 6.331972991815073559e-01 5.000000000000000000e+00
-1.870039221342176594e+00 -4.859407109579208850e+00 5.000000000000000000e+00
-2.010464846751637946e+00 4.477606361555166004e+00 5.000000000000000000e+00
-4.808032157963179287e+00 -1.989270388228158826e+00 5.000000000000000000e+00
5.971421334860394836e+00 3.575793873847073812e+00 5.000000000000000000e+00
3.418465072260465476e+00 4.001197433047233964e+00 5.000000000000000000e+00
-3.832328578132529362e+00 1.611774035197734101e+00 5.000000000000000000e+00
-8.611135290107385654e-01 -6.307285882637849242e-03 5.000000000000000000e+00
-3.715037402583703408e+00 5.681886931331358026e-01 5.000000000000000000e+00
-5.264253287901698997e+00 -3.051509826364937616e+00 5.000000000000000000e+00
-3.091600883125407151e+00 2.057216816725210062e+00 5.000000000000000000e+00
-1.345254479076859466e+00 4.138800944611028321e+00 5.000000000000000000e+00
1.334295434956312421e-01 -6.947161439476655376e-02 5.000000000000000000e+00
1.779070466252716365e+00 9.563192350973817035e-01 5.000000000000000000e+00
3.889986159510895547e+00 -9.211800764748825365e-01 5.000000000000000000e+00
-2.558425596664545054e+00 -2.980327468728511064e+00 5.000000000000000000e+00
2.561209140125999539e+00 -3.607395234500310188e+00 5.000000000000000000e+00
-3.757091752460838485e+00 -3.851605739956893260e+00 5.000000000000000000e+00
-3.370899626621068346e-01 3.534027864319250867e+00 5.000000000000000000e+00
-2.908629063018395855e-01 9.117056321859877688e-01 5.000000000000000000e+00
1.576902634394702574e+00 -2.863415374676248959e+00 5.000000000000000000e+00
7.588937987143451469e-01 -2.601880080806312279e+00 5.000000000000000000e+00
3.648936469519331594e-01 2.833564086023728557e+00 5.000000000000000000e+00
1.399954432028602369e+00 -1.884812688000345959e+00 5.000000000000000000e+00
1.380863536926217883e+00 -2.708743328188483623e+00 5.000000000000000000e+00
-1.726210175851249140e+00 6.415761986448870191e-01 5.000000000000000000e+00
1.622494472136223109e+00 -2.958682785868399723e+00 5.000000000000000000e+00
-5.967026016540419420e+00 -3.472212463194452869e-01 5.000000000000000000e+00
-2.645948167650548299e+00 -2.404603651163139233e+00 5.000000000000000000e+00
-2.053717463522744424e+00 -2.215077711674690697e+00 5.000000000000000000e+00
-2.114342702691299480e-01 1.287595625488916484e+00 5.000000000000000000e+00
1.497044150817621322e+00 -3.651031322335727136e-01 5.000000000000000000e+00
-5.774468789864132257e-01 1.881625444583076678e+00 5.000000000000000000e+00
1.932130231559148759e-01 1.432516350493921786e+00 5.000000000000000000e+00
-2.121353207639427918e+00 -1.699017557091576869e+00 5.000000000000000000e+00
-2.312862702420224736e-01 4.283649199039725186e-01 5.000000000000000000e+00
1.395277072139385899e+00 -1.633132784665153325e+00 5.000000000000000000e+00
-1.223691744704741291e+00 3.567414586775771390e+00 5.000000000000000000e+00
6.796178518099347698e+00 -9.153227190887198716e-01 5.000000000000000000e+00
-3.719179899647414800e+00 -5.635128903419642121e+00 5.000000000000000000e+00
1.676522902618313715e+00 -2.999967506984236310e-01 5.000000000000000000e+00
-2.429528624443116236e+00 -7.221399671952022370e-01 5.000000000000000000e+00
2.161140431843329601e+00 -6.251906292233014639e+00 5.000000000000000000e+00
-2.149403666626045761e-01 2.677726851221340354e+00 5.000000000000000000e+00
1.933257512741885620e+00 -3.870601451448005825e-01 5.000000000000000000e+00
-4.963134913567730511e-01 2.857050333115802587e+00 5.000000000000000000e+00
6.800238900445896295e-01 -4.402240117139202269e+00 5.000000000000000000e+00
-6.408981545015040027e-01 -9.449755548477083433e-01 5.000000000000000000e+00
8.383229552912321303e-01 3.826246097098949583e+00 5.000000000000000000e+00
1.562499404770178124e+00 6.099590007350561116e+00 5.000000000000000000e+00
1.817384401349593004e+00 -2.658448313660100926e+00 5.000000000000000000e+00
2.566819448596785236e+00 -1.512637453195975867e+00 5.000000000000000000e+00
-4.904764242350833747e+00 -3.037785112844209046e+00 5.000000000000000000e+00
2.777603729655147902e+00 -3.475669103699855711e+00 5.000000000000000000e+00
2.937739156192173962e+00 -3.122275372383550351e+00 5.000000000000000000e+00
3.755858689191029054e+00 -1.343629781749900109e+00 5.000000000000000000e+00
-4.970997461051758215e+00 1.794293730761091554e+00 5.000000000000000000e+00
8.698565319030290843e-02 1.278809329846553933e+00 5.000000000000000000e+00
4.727439632382377077e+00 -4.460614417353768457e-02 5.000000000000000000e+00
-2.564225665545852184e+00 -1.974529543939940845e+00 5.000000000000000000e+00
5.653445011902083372e+00 -2.133877372790413229e+00 5.000000000000000000e+00
-9.713075142992924071e-01 -4.293676169634233375e+00 5.000000000000000000e+00
3.698714384270411770e-01 -2.130704069421965663e+00 5.000000000000000000e+00
-2.670189476546595220e+00 -5.265127526233187583e-01 5.000000000000000000e+00
2.371946564877919883e+00 3.230741659961397505e-01 5.000000000000000000e+00
9.496878539359091542e-01 6.660686890473426658e+00 5.000000000000000000e+00
-7.953529253021184076e+00 -2.339477092817588755e+00 5.000000000000000000e+00
-1.384092855379652209e-01 -1.765829671291099690e+00 5.000000000000000000e+00
4.650623508419393648e-02 4.904888338554023175e-01 5.000000000000000000e+00
-9.924686965022171403e-01 4.311460422646554491e+00 5.000000000000000000e+00
-1.295155675666656458e+00 1.190395956074554062e+00 5.000000000000000000e+00
4.750030438913046993e+00 -1.771872975540379702e+00 5.000000000000000000e+00
1.595181931479263682e+00 4.202157757079305611e+00 5.000000000000000000e+00
1.217809273424001582e+00 -1.131434213968879748e-01 5.000000000000000000e+00
4.156744260152133386e+00 -1.383994282552929000e+00 5.000000000000000000e+00
1.142147920595272953e-01 2.257571125215620533e+00 5.000000000000000000e+00
-6.643865763687892834e-01 -4.374017343431003013e+00 5.000000000000000000e+00
3.024775187029695722e-01 -9.152618223962708299e+00 5.000000000000000000e+00
9.356801756813425130e-02 2.741835810529031026e+00 5.000000000000000000e+00
5.485259952759439228e-01 -9.891507609794931710e-01 5.000000000000000000e+00
5.843131683565972345e+00 2.342958339448661498e+00 5.000000000000000000e+00
1.117215699446672428e+00 5.180687484493013972e-01 5.000000000000000000e+00
5.241631822767618409e+00 -3.178493491015664141e+00 5.000000000000000000e+00
8.013285796493463398e-01 3.078787266632549091e+00 5.000000000000000000e+00
-3.521989059070874450e+00 1.212638611337476746e+00 5.000000000000000000e+00
4.731420177280476480e+00 -1.545990609775353963e+00 5.000000000000000000e+00
-3.053110286341730095e+00 5.855167907248800541e-01 5.000000000000000000e+00
1.016881954197759619e+00 5.058979583566372895e+00 5.000000000000000000e+00
4.501745749456640411e+00 -8.986623738733805489e-01 5.000000000000000000e+00
-3.325293659725560680e+00 -5.385477666002747910e+00 5.000000000000000000e+00
1.354538444118212448e+00 -2.793213600696900833e+00 5.000000000000000000e+00
-3.859957840648765792e+00 1.078259636480996875e+00 5.000000000000000000e+00
-1.310190784884189386e+00 -2.990021391647562421e+00 5.000000000000000000e+00
5.604086010229916148e-01 2.037357504733348090e-01 5.000000000000000000e+00
8.906642937415639949e+00 2.047448346366141259e+00 5.000000000000000000e+00
1.822854282021283190e+00 2.215435247783404282e+00 5.000000000000000000e+00
1.007959498143515376e+00 3.430807588589825791e-02 5.000000000000000000e+00
7.406575739380309997e-01 -1.964733884991959778e+00 5.000000000000000000e+00
6.592155631641301028e+00 2.348391797081343935e+00 5.000000000000000000e+00
6.867922231423406743e-01 -4.994937942693739030e-01 5.000000000000000000e+00
2.495576327114178206e+00 3.176791129359541443e+00 5.000000000000000000e+00
4.706283385881517844e+00 -1.407716145247601691e+00 5.000000000000000000e+00
-2.892970410129009906e-01 5.020253777259258143e-01 5.000000000000000000e+00
1.435386435780009684e+00 -2.023707476137076855e-01 5.000000000000000000e+00
-1.522251302875635481e+00 -1.260672673834691615e+00 5.000000000000000000e+00
1.473146084731628225e+00 4.240829932032781358e-01 5.000000000000000000e+00
2.103372757976508911e+00 -1.206424946187912184e+00 5.000000000000000000e+00
2.161226309705499560e+00 -3.327466857423408975e+00 5.000000000000000000e+00
-6.583273150498466508e-01 6.623885744907737072e-01 5.000000000000000000e+00
-5.243493580117572606e+00 1.870194189949880847e-01 5.000000000000000000e+00
2.743431285984803680e-01 1.979659468192450866e+00 5.000000000000000000e+00
-2.095879918811128562e+00 2.669615267417870363e+00 5.000000000000000000e+00
3.408199862590530760e-01 -2.545711185639788710e+00 5.000000000000000000e+00
-3.641293803809133145e+00 3.947516444760665877e-01 5.000000000000000000e+00
-1.652594089480007966e+00 6.222086185072650544e-01 5.000000000000000000e+00
-6.655554959996573317e+00 -3.009928996896616749e+00 5.000000000000000000e+00
-3.773087340767523834e+00 8.290578049282484319e-01 5.000000000000000000e+00
-3.035788018335591865e+00 -4.973859824204444280e+00 5.000000000000000000e+00
-3.747459697942384871e+00 1.592296180056110178e+00 5.000000000000000000e+00
-3.597228115320605824e+00 7.968902551278564950e-01 5.000000000000000000e+00
-2.331925720429487647e+00 6.148936828293660728e-01 5.000000000000000000e+00
2.750109718084857047e+00 3.632210353763499988e+00 5.000000000000000000e+00
2.184513236960060389e+00 4.600424500763306668e+00 5.000000000000000000e+00
-4.509113297454049984e+00 -3.899748868768948107e+00 5.000000000000000000e+00
2.134245586536128947e+00 -6.977177990865861545e+00 5.000000000000000000e+00
-8.452795876937653219e-01 -2.157167178923231621e+00 5.000000000000000000e+00
-5.415136862652795147e-01 -6.554616336470337146e+00 5.000000000000000000e+00
-5.746278328680226366e+00 -2.413735698974456056e+00 5.000000000000000000e+00
1.852538226940963817e+00 1.729883815296776872e-01 5.000000000000000000e+00
-1.306153181600826274e+00 5.635965843632035011e+00 5.000000000000000000e+00
-4.619052736884286858e+00 6.107176078903346905e+00 5.000000000000000000e+00
5.333895034018106607e+00 -1.827502020605657140e+00 5.000000000000000000e+00
-1.218763433847340094e+00 -6.265880670600903812e+00 5.000000000000000000e+00
-1.456325841029222357e+00 -5.999073820341266350e-01 5.000000000000000000e+00
2.715166734082574251e+00 -3.035544060664897792e+00 5.000000000000000000e+00
-1.650363870277046896e+00 4.359292932593399783e+00 5.000000000000000000e+00
-8.426906859087763824e-01 2.178707814127616604e+00 5.000000000000000000e+00
1.162963739778968830e-01 -4.137188985823732068e+00 5.000000000000000000e+00
5.743777400885091922e+00 7.077260302888173982e+00 5.000000000000000000e+00
-3.323602628510661239e-01 3.093319838101959540e+00 5.000000000000000000e+00
2.163784966051342629e+00 7.425544722085241744e+00 5.000000000000000000e+00
1.470038547910782478e-01 6.523025827219226525e-01 5.000000000000000000e+00
3.603171438965311779e+00 3.282136530832960197e+00 5.000000000000000000e+00
3.131059675379759266e+00 -6.123464202717865401e-01 5.000000000000000000e+00
-2.523123231963372071e+00 -3.129112660405017010e+00 5.000000000000000000e+00
-1.332649663692041520e+00 5.200654106933093601e+00 5.000000000000000000e+00
-6.263202667180651773e-01 -3.911863543456872705e-02 5.000000000000000000e+00
3.405005865468319626e-01 5.783464276406584392e-02 5.000000000000000000e+00
4.433750440356534206e+00 4.419229604640324993e+00 5.000000000000000000e+00
-3.186511691615102393e+00 -2.670691796499112591e+00 5.000000000000000000e+00
-5.556271094605607530e+00 4.163450536952251202e-01 5.000000000000000000e+00
8.969223966166340878e-01 2.237960394684971988e+00 5.000000000000000000e+00
1.714393450849960754e+00 -2.483903547258855760e+00 5.000000000000000000e+00
2.162808946909966057e+00 -2.268598857399259927e-01 5.000000000000000000e+00
-3.391563391713901865e+00 3.480747218251992070e+00 5.000000000000000000e+00
-3.432015188432088415e+00 -1.014259204911793777e-01 5.000000000000000000e+00
2.962819728311049339e+00 2.158576470577273088e-01 5.000000000000000000e+00
-3.940093297226977320e+00 -2.542778756863698142e+00 5.000000000000000000e+00
3.979932037965945746e+00 -1.854969993665656292e+00 5.000000000000000000e+00
-4.531978378012029296e+00 3.779763385803276421e+00 5.000000000000000000e+00
6.275516960894840235e-01 -3.475313829440985991e+00 5.000000000000000000e+00
7.667616515265249788e-01 4.429744369119713809e+00 5.000000000000000000e+00
2.516671808868236937e+00 -9.273489645462095865e+00 5.000000000000000000e+00
-1.651696777695317309e-01 -5.962928294125216411e+00 5.000000000000000000e+00
8.465160161893650059e-01 -6.447247247518416921e-03 5.000000000000000000e+00
-3.914028799816281712e+00 3.797095252402472809e+00 5.000000000000000000e+00
-8.528112553074671531e-01 2.358146065941841396e+00 5.000000000000000000e+00
5.514155251370130628e+00 -1.340039837926806365e+00 5.000000000000000000e+00
-1.800758832294693690e+00 3.099228871102593708e+00 5.000000000000000000e+00
-2.498837969568177719e+00 -2.663000087800044824e+00 5.000000000000000000e+00
3.857887931408960469e+00 -1.837148994716927053e+00 5.000000000000000000e+00
-2.258305116545573199e+00 -2.567819422722773304e+00 5.000000000000000000e+00
-1.048115643103195271e+00 -1.653890171540950860e+00 5.000000000000000000e+00
-2.818119838068212424e+00 -1.910874661745717518e+00 5.000000000000000000e+00
-4.459995952743406988e+00 -8.971187770195889755e-01 5.000000000000000000e+00
-5.628646286214900485e+00 1.857231507029787787e+00 5.000000000000000000e+00
1.648389510208508657e+00 -2.125430384902183611e+00 5.000000000000000000e+00
-4.530817071194822576e-01 2.468510088899812938e-01 5.000000000000000000e+00
-5.325420406567713538e-01 -2.875899875318153054e+00 5.000000000000000000e+00
1.308509090360317373e+00 -1.069735792366287130e+00 5.000000000000000000e+00
2.432240034192612033e+00 -6.952086901528126361e+00 5.000000000000000000e+00
7.768692294440797397e-02 4.025177489151534616e+00 5.000000000000000000e+00
1.110519641036036287e+00 3.316643113373870522e-01 5.000000000000000000e+00
-4.801137055854919566e+00 8.110262470704299176e-01 5.000000000000000000e+00
-7.861074477368262814e-01 -1.202881357881785407e+00 5.000000000000000000e+00
-5.668443330972733563e+00 7.326632080086216137e-01 5.000000000000000000e+00
1.397701205875514052e+00 -5.135294274888015098e-02 5.000000000000000000e+00
1.683148202220662970e+00 -7.480999827260877311e+00 5.000000000000000000e+00
3.066121519484671154e+00 7.795148114362759895e-01 5.000000000000000000e+00
3.686648283272957016e+00 -1.662162866994878474e+00 5.000000000000000000e+00
3.395574471611374712e+00 2.328596360337659377e+00 5.000000000000000000e+00
1.240341619857234345e+00 3.411792909051702072e+00 5.000000000000000000e+00
4.481326435342903869e-01 8.232839949928332235e-01 5.000000000000000000e+00
3.195780515385831855e+00 1.615000492527231657e+00 5.000000000000000000e+00
1.062444223450020209e+00 -1.227384759816810167e+00 5.000000000000000000e+00
2.564334104420031846e+00 -7.025513602253008472e-01 5.000000000000000000e+00
-2.077322585196318183e+00 -2.597951249113160110e-01 5.000000000000000000e+00
-1.589293415590333325e+00 9.612384686787481813e-01 5.000000000000000000e+00
2.106632404442053907e+00 6.942516429692426883e-01 5.000000000000000000e+00
3.432029980577353090e+00 5.193127130691935767e-01 5.000000000000000000e+00
1.793134122529854935e+00 -2.978231515451744471e+00 5.000000000000000000e+00
1.511870717432545197e+00 1.755465472905502811e+00 5.000000000000000000e+00
2.197761960597532038e+00 2.655454668413173014e+00 5.000000000000000000e+00
5.051117494018483312e-01 -3.399627829332484141e-02 5.000000000000000000e+00
-2.250933250777458622e-02 -2.058745314892618250e+00 5.000000000000000000e+00
1.445413463745816918e+00 -7.803500263668466941e-01 5.000000000000000000e+00
-2.797609798081188703e+00 6.661459000090890203e-01 5.000000000000000000e+00
-2.618261482536021312e+00 -2.269149419051044614e+00 5.000000000000000000e+00
-6.042014925567859684e+00 7.982233803262575478e+00 5.000000000000000000e+00
3.591254471808661197e+00 5.461133825628546212e+00 5.000000000000000000e+00
2.741737441326882241e+00 -4.049805347282191548e+00 5.000000000000000000e+00
-3.319339181356105506e+00 5.157257563594958683e+00 5.000000000000000000e+00
2.242365788173805718e+00 2.756738289295058930e+00 5.000000000000000000e+00
-5.005756760281905304e-01 -2.322070040736654128e+00 5.000000000000000000e+00
2.322942838522061848e+00 -3.957757949913485174e-01 5.000000000000000000e+00
2.832866833610010460e+00 -7.119855385851323604e+00 5.000000000000000000e+00
1.180259400126812519e+00 -1.930223917840055758e+00 5.000000000000000000e+00
-3.681010852187372340e+00 1.853047568105660847e+00 5.000000000000000000e+00
3.964827450785348262e+00 2.699521650325833022e+00 5.000000000000000000e+00
-4.900203777938138550e-01 5.944094024284058086e+00 5.000000000000000000e+00
-3.649440496582216364e-01 -8.787233013588646724e-01 5.000000000000000000e+00
1.319141769571589240e+00 6.273009562006228723e-01 5.000000000000000000e+00
-3.333287956957844411e-01 2.298191923763931666e+00 5.000000000000000000e+00
-4.179085899846952668e-01 -3.622345763800924878e+00 5.000000000000000000e+00
-5.691288832965613054e-01 -1.098138446808392343e+00 5.000000000000000000e+00
5.457712845821022896e+00 5.102349099296505930e-01 5.000000000000000000e+00
-5.965005244765480441e+00 -2.035078297928700763e+00 5.000000000000000000e+00
-1.093650182803363319e-01 1.913314949030738621e+00 5.000000000000000000e+00
-4.115380318726164610e+00 3.596387288740663379e+00 5.000000000000000000e+00
-1.588887848525602844e-02 -6.734831382902058960e-01 5.000000000000000000e+00
-3.891992587484517374e-01 -4.181739310219062533e-01 5.000000000000000000e+00
-2.810164015841924101e+00 2.831669460084206058e+00 5.000000000000000000e+00
5.328909612015022113e+00 4.836622481157165088e-01 5.000000000000000000e+00
3.690542611427715336e+00 8.864974346025185525e+00 5.000000000000000000e+00
-9.190172349258465267e-01 -6.591500210633467915e+00 5.000000000000000000e+00
-3.533839084730661662e-01 -5.834016700396135846e+00 5.000000000000000000e+00
1.115639219731210829e+00 4.662552347045412909e-02 5.000000000000000000e+00
-2.274106041939795375e+00 -2.364180909485700699e+00 5.000000000000000000e+00
-8.084114049653774448e-01 4.427176069522411161e+00 5.000000000000000000e+00
-6.991508838068535292e-01 1.502852291326138845e+00 5.000000000000000000e+00
-4.034177022959593018e+00 -1.662125651094406464e+00 5.000000000000000000e+00
2.427220463403037432e+00 2.198870759678845099e-01 5.000000000000000000e+00
4.469263316895084159e+00 4.757762116742643599e+00 5.000000000000000000e+00
4.080394971582242403e-01 1.919416689045852831e+00 5.000000000000000000e+00
-1.714379166670185750e+00 1.876474474581079493e-02 5.000000000000000000e+00
6.177403351045661850e+00 1.327943216489269940e+00 5.000000000000000000e+00
-4.148018367621691405e-01 -1.419711601196292028e+00 5.000000000000000000e+00
4.528169644108668734e+00 1.981845358882336150e+00 5.000000000000000000e+00
-2.739332178294592524e+00 -1.079245917648455011e+00 5.000000000000000000e+00
-1.815665567888149479e+00 2.484160644789582317e+00 5.000000000000000000e+00
2.405836088079433832e-01 -2.885396566463768409e+00 5.000000000000000000e+00
2.423192784652619558e+00 4.163395561568730141e-01 5.000000000000000000e+00
4.081618920885507151e+00 -4.495189130332301608e-01 5.000000000000000000e+00
8.886378424298226886e-01 4.012931204262812912e+00 5.000000000000000000e+00
2.599326468453426742e-01 2.399385352699740181e+00 5.000000000000000000e+00
3.296575850829492893e+00 -9.733129163217019153e-01 5.000000000000000000e+00
8.182152750106291839e-01 9.551668386749994077e-01 5.000000000000000000e+00
4.461201234403326055e+00 1.717921247146068975e+00 5.000000000000000000e+00
-2.732448204067321473e+00 7.353670889639791763e-01 5.000000000000000000e+00
4.084974816281324195e+00 -2.156126833957976885e+00 5.000000000000000000e+00
1.492011761672227932e+00 1.823781784385605453e+00 5.000000000000000000e+00
4.855382433137099552e-02 4.270550495444719985e+00 5.000000000000000000e+00
-6.267614867015717905e+00 1.579737536384580476e+00 5.000000000000000000e+00
-2.126199144726458545e+00 5.259262193325302981e+00 5.000000000000000000e+00
1.758466231045209049e+00 2.157782876139552053e-01 5.000000000000000000e+00
-3.886145072876409756e+00 -1.596814483098409898e+00 5.000000000000000000e+00
5.845748745238383837e-01 4.486229059245201989e-01 5.000000000000000000e+00
-4.488817250111171830e+00 -2.226813735022438734e-01 5.000000000000000000e+00
6.452231353100923883e+00 -2.768728208903607158e+00 5.000000000000000000e+00
-5.814719349976721352e-01 -1.679706466734592007e+00 5.000000000000000000e+00
-3.500751230350798715e-02 6.776815091543141323e-01 5.000000000000000000e+00
-3.849018718364546121e+00 8.634667491168074305e-02 5.000000000000000000e+00
-1.628027772355864267e+00 2.880626719173132066e+00 5.000000000000000000e+00
-4.305146593838856006e+00 -3.002861943220211494e+00 5.000000000000000000e+00
1.160843875368057887e+00 2.078869422334157058e+00 5.000000000000000000e+00
-4.629775866556199437e-01 -2.697118901736939023e+00 5.000000000000000000e+00
-5.716860308060999207e-01 -1.703536809949811826e+00 5.000000000000000000e+00
1.772774453206983070e-01 -5.082682229924587070e+00 5.000000000000000000e+00
1.040500050054252057e+00 -4.487010549470654697e-01 5.000000000000000000e+00
-4.315407472760036001e+00 -5.246382990678357672e+00 5.000000000000000000e+00
1.227203248266151903e+00 4.609456787393001242e+00 5.000000000000000000e+00
-9.098755337531829746e-01 -6.482719329876933667e-01 5.000000000000000000e+00
-3.693408264481356174e+00 -2.176421999133449248e+00 5.000000000000000000e+00
-3.936696602640597398e+00 -1.715213973058761887e+00 5.000000000000000000e+00
-1.983925199501905379e+00 1.479581805590324706e+00 5.000000000000000000e+00
3.011457839141994608e+00 -9.190440809112170317e-01 5.000000000000000000e+00
-3.071101892270830191e+00 7.320644922169137203e-01 5.000000000000000000e+00
-4.626493481701952959e+00 2.000073607730040948e+00 5.000000000000000000e+00
-1.153698285612582142e+00 1.184357611733935167e+00 5.000000000000000000e+00
2.153322418188811760e+00 4.973855954374694299e+00 5.000000000000000000e+00
3.601192082569541597e+00 2.690015822264644751e-01 5.000000000000000000e+00
-2.668678132413737192e+00 -2.796708995386530283e+00 5.000000000000000000e+00
-4.339157819288189444e+00 6.221357629757266139e+00 5.000000000000000000e+00
-2.124199730575744738e+00 3.196236152188078883e+00 5.000000000000000000e+00
2.891665725086171257e+00 -1.207758723402536427e+00 5.000000000000000000e+00
1.465015248970127137e+00 -4.145161192229930514e+00 5.000000000000000000e+00
4.556761287940764404e+00 1.172340087991826429e+00 5.000000000000000000e+00
3.730481400133549008e-01 3.147122594042262023e+00 5.000000000000000000e+00
1.160953267999781602e+00 -2.955263030872336660e+00 5.000000000000000000e+00
-3.253640490082031267e+00 -3.476357814785518308e+00 5.000000000000000000e+00
-6.613026016583645195e+00 6.304731975221211648e-01 5.000000000000000000e+00
1.817295542417051823e+00 2.837191607231402291e+00 5.000000000000000000e+00
3.884226547122267448e+00 3.541825675583134408e-02 5.000000000000000000e+00
3.112243711663619905e+00 1.996943584084357459e+00 5.000000000000000000e+00
-1.082377170931074550e+00 -2.033300709279072915e+00 5.000000000000000000e+00
-2.538411132640457257e+00 7.569405253882020013e-01 5.000000000000000000e+00
3.754232010624163896e-01 3.947690439733167800e+00 5.000000000000000000e+00
-2.145338839346587090e+00 2.448049501483891888e+00 5.000000000000000000e+00
4.068800930385454429e+00 4.890275746417420244e+00 5.000000000000000000e+00
1.299368836589104292e+00 7.430500698650865488e+00 5.000000000000000000e+00
-6.842747608390744141e+00 8.466658750568917258e-01 5.000000000000000000e+00
-4.261820865538524239e-01 1.882972964992221776e+00 5.000000000000000000e+00
3.192472168228544405e+00 -1.510188056380161292e+00 5.000000000000000000e+00
-6.840426393041303399e-01 -3.060699102583586573e+00 5.000000000000000000e+00
-1.570586156223952701e+00 -1.955037024630916331e+00 5.000000000000000000e+00
3.131167320019081046e+00 5.000670303833218533e+00 5.000000000000000000e+00
2.909078219498246298e+00 -6.267879895111192479e-01 5.000000000000000000e+00
6.030589605307919987e-01 7.230851024457146670e-01 5.000000000000000000e+00
-3.377623426510785176e-01 -9.009391627712766137e-01 5.000000000000000000e+00
-4.498159114472580100e+00 6.257002066589029354e+00 5.000000000000000000e+00
2.843795126201153600e+00 -1.520619486055620584e+00 5.000000000000000000e+00
4.190853452163227910e-01 -8.946894476806680485e-01 5.000000000000000000e+00
1.135590512516760464e+00 1.666203763642610802e+00 5.000000000000000000e+00
-7.898478596987981160e-01 -3.295398666715066760e+00 5.000000000000000000e+00
6.491810897857299700e+00 2.204791294545092484e+00 5.000000000000000000e+00
-3.321879430728813531e+00 2.578653139279255546e-01 5.000000000000000000e+00
2.526315062000150213e+00 -1.021157221294987538e+00 5.000000000000000000e+00
1.643413180044233535e+00 -1.684610318278286556e+00 5.000000000000000000e+00
2.165838339741680940e+00 4.847655165280210232e-01 5.000000000000000000e+00
6.142795224060508819e-01 1.247089488956365955e+00 5.000000000000000000e+00
1.546368015397822315e+00 -2.466298893783498425e+00 5.000000000000000000e+00
9.875487651308381132e-01 1.843584612644904697e+00 5.000000000000000000e+00
3.154844402085511312e+00 -1.251278143703232537e+00 5.000000000000000000e+00
2.586972769082679591e+00 -6.215706790254295067e-01 5.000000000000000000e+00
-1.727905819593089642e+00 3.301156618900572770e+00 5.000000000000000000e+00
-2.901724138269657249e+00 -3.547398786875329613e+00 5.000000000000000000e+00
-7.606660328664325732e+00 -1.334854780995832879e+00 5.000000000000000000e+00
1.553067582828983273e+00 2.897286843200614026e+00 5.000000000000000000e+00
-1.402215529295615326e+00 -5.544462016828755502e+00 5.000000000000000000e+00
-6.590218684255100712e+00 -4.441240537490145357e-01 5.000000000000000000e+00
-2.025963004976298887e+00 1.347563463489397928e-01 5.000000000000000000e+00
-9.400733697751437190e-02 -3.872346599733059946e+00 5.000000000000000000e+00
1.211334624351565470e+00 -1.361969479219873769e+00 5.000000000000000000e+00
8.612403918053432861e-01 -8.237273760423434510e+00 5.000000000000000000e+00
3.255188200573059021e+00 -1.987208941067893031e+00 5.000000000000000000e+00
-2.809045515684109429e+00 -3.541803326558883747e+00 5.000000000000000000e+00
-7.484873885533791515e-01 -6.816747788240358208e-01 5.000000000000000000e+00
-1.327714999642980231e+00 -2.174989724430922422e+00 5.000000000000000000e+00
-4.050170721305242916e-01 9.362524110724330662e-01 5.000000000000000000e+00
-2.172517246912725408e+00 2.053586191756914037e+00 5.000000000000000000e+00
4.117244113228691660e+00 -6.710682695705543210e+00 5.000000000000000000e+00
4.150518727841701505e+00 3.186275591480560720e+00 5.000000000000000000e+00
-3.951050962701211922e-01 -1.216131152962977025e+00 5.000000000000000000e+00
-3.739905408422919297e+00 -4.706651291744262111e-01 5.000000000000000000e+00
5.863138583339954302e+00 1.274657879105649094e+00 5.000000000000000000e+00
6.735737891738091676e-01 -9.372275047459199815e-01 5.000000000000000000e+00
1.780958406654958637e+00 1.666360597044110325e-01 5.000000000000000000e+00
1.147139347816162891e+00 2.415723234130060515e+00 5.000000000000000000e+00
1.518487334384714060e+00 -1.717513580464562928e+00 5.000000000000000000e+00
-1.091463172581161212e+00 -3.669470309618544368e-01 5.000000000000000000e+00
3.879704317490751952e-01 9.976584323014442424e-02 5.000000000000000000e+00
-1.241435193116145808e+00 1.557550439267421760e+00 5.000000000000000000e+00
-1.111647974069099654e+00 -3.800590733596812321e+00 5.000000000000000000e+00
-1.092829469800626008e+00 3.157816080476416154e+00 5.000000000000000000e+00
-4.274796988337663528e+00 -3.245549206508800966e-01 5.000000000000000000e+00
2.575712415739525696e+00 2.237137391420064070e+00 5.000000000000000000e+00
9.798241779141531049e-01 2.397129171685206561e+00 5.000000000000000000e+00
-3.296163293578354470e+00 -2.848789672648726068e+00 5.000000000000000000e+00
-1.547549261878040650e+00 6.104824136900351306e+00 5.000000000000000000e+00
-6.161581098803423640e-01 2.714598404201573612e+00 5.000000000000000000e+00
-7.678992564258924958e+00 -2.739003721346621845e+00 5.000000000000000000e+00
5.169374130641375409e-01 1.763688568698390302e+00 5.000000000000000000e+00
2.921578370785947953e+00 -2.959997489164764239e+00 5.000000000000000000e+00
3.299066287818804177e+00 -6.341249828691226664e-01 5.000000000000000000e+00
7.039369326938672344e+00 -2.540405160581282296e+00 5.000000000000000000e+00
1.768786414254960082e+00 -4.776437009799145095e+00 5.000000000000000000e+00
2.236370071700086282e+00 2.406331351810299779e+00 5.000000000000000000e+00
2.882028327198213891e+00 1.520468677842256922e+00 5.000000000000000000e+00
-4.992147386781041085e+00 -6.219041887477558261e-02 5.000000000000000000e+00
1.570573668536078937e+00 -3.743104447620689612e+00 5.000000000000000000e+00
-2.977832722993567938e+00 -3.627941515420655350e+00 5.000000000000000000e+00
4.466756440692181584e+00 2.232801426826715563e+00 5.000000000000000000e+00
-5.146773802942720799e+00 -4.756980888784411166e-01 5.000000000000000000e+00
-1.391210652408986448e+00 -1.178455535491872208e+00 5.000000000000000000e+00
-2.806055342417846710e+00 -4.359116120194422628e+00 5.000000000000000000e+00
-3.007570267711195733e+00 2.013982391081380996e+00 5.000000000000000000e+00
5.941006328925212188e+00 1.942467766617563374e+00 5.000000000000000000e+00
6.898672475036540241e-01 2.440879903087898040e+00 5.000000000000000000e+00
3.713115181738102955e+00 -3.649593014636610011e+00 5.000000000000000000e+00
9.128726901206617173e-02 -2.866311570968430811e+00 5.000000000000000000e+00
-8.996291581620587952e-01 4.349384788540076596e-01 5.000000000000000000e+00
5.759761037118605875e-01 1.168921972188951219e+00 5.000000000000000000e+00
3.595266670925428842e-01 -5.367218510896519135e+00 5.000000000000000000e+00
2.770342318071096877e+00 -7.171924688959858685e+00 5.000000000000000000e+00
-1.268245585805218179e+00 -6.394630859353540586e+00 5.000000000000000000e+00
4.749746252180862882e+00 -7.682428688309597131e-01 5.000000000000000000e+00
7.293841655767784316e-01 -3.771928116654524876e-01 5.000000000000000000e+00
-1.061625797404904814e+00 -6.310461843621688327e-02 5.000000000000000000e+00
-4.043598617908548576e+00 1.012947318140658137e-01 5.000000000000000000e+00
1.770888004803096383e+00 5.935933205445031113e+00 5.000000000000000000e+00
-1.723619633795023143e+00 -2.099466045453177721e+00 5.000000000000000000e+00
3.888449715853366850e+00 7.902354450450266299e-01 5.000000000000000000e+00
3.727617652937360582e-01 -1.794781101540982471e+00 5.000000000000000000e+00
5.122711351738006513e+00 3.349283722038463473e+00 5.000000000000000000e+00
-5.176144820349203535e+00 3.976790249106740838e+00 5.000000000000000000e+00
-3.670380521670915108e+00 3.941329302948286539e+00 5.000000000000000000e+00
4.396500503226115519e+00 5.563137647371355854e+00 5.000000000000000000e+00
-2.471686632559515484e+00 -6.633524651682721762e-01 5.000000000000000000e+00
1.885592545878249648e+00 -4.084399442615788800e+00 5.000000000000000000e+00
-2.245378654159964071e+00 9.321769788345845242e+00 5.000000000000000000e+00
-1.536918490563386364e+00 3.308709845121518001e+00 5.000000000000000000e+00
3.489689572669121276e+00 5.082448187310699694e+00 5.000000000000000000e+00
4.084621606969952023e-01 2.258856456493243847e+00 5.000000000000000000e+00
-4.936650291263750212e+00 -4.888002087244801785e+00 5.000000000000000000e+00
-2.230864415556577107e+00 1.671295839558034624e-01 5.000000000000000000e+00
4.653927709322120521e+00 -1.270364378630583824e+00 5.000000000000000000e+00
1.384413960632371987e+00 -1.513679553082990292e+00 5.000000000000000000e+00
-4.787721388357090824e+00 -2.430039889374389639e-01 5.000000000000000000e+00
2.537900660819513154e-01 -3.355258700246809694e-02 5.000000000000000000e+00
3.028761185236466869e+00 -1.411895342856023472e+00 5.000000000000000000e+00
-7.744704293764963499e-01 -4.477757131429100923e+00 5.000000000000000000e+00
-4.614124047547233154e+00 3.969961311801444293e-01 5.000000000000000000e+00
-2.427049921241587693e+00 7.850799919125865500e+00 5.000000000000000000e+00
4.808576347384210248e-01 -1.170191408263815624e+00 5.000000000000000000e+00
-2.677777540066053508e+00 -2.907835058902300540e-01 5.000000000000000000e+00
-1.393570642479617039e+00 -2.737276979718167080e+00 5.000000000000000000e+00
3.436890589975900134e+00 4.107139839972749229e+00 5.000000000000000000e+00
-2.333703461021516823e+00 8.123071288148091540e-01 5.000000000000000000e+00
-2.287546531044547304e+00 -2.323943555422259166e+00 5.000000000000000000e+00
-8.579776419542528565e-01 2.093339851038383159e+00 5.000000000000000000e+00
5.238118514967795569e-01 7.287801257421693268e-01 5.000000000000000000e+00
-4.953266118455237788e+00 -3.820615406264336933e+00 5.000000000000000000e+00
3.887530147909966871e+00 3.070795199864174041e+00 5.000000000000000000e+00
4.467356690746179915e+00 -3.583807036089141640e+00 5.000000000000000000e+00
-1.690199737805004876e+00 2.130276908420479565e+00 5.000000000000000000e+00
-2.122339760330755887e-01 -2.850340764010355965e+00 5.000000000000000000e+00
-1.290153023103563168e+00 2.606369937712160745e+00 5.000000000000000000e+00
-3.787400755309298983e+00 -4.969845473433688099e+00 5.000000000000000000e+00
-5.375637650772755904e+00 -2.238106907551806302e+00 5.000000000000000000e+00
-3.048436820770649813e+00 2.418026527010162852e+00 5.000000000000000000e+00
-1.493454369829800843e+00 -2.789252893434942315e+00 5.000000000000000000e+00
-4.608034774538127820e-01 -3.735004741952006491e+00 5.000000000000000000e+00
-2.107189771247387267e+00 -7.912090971860455957e-01 5.000000000000000000e+00
1.386900823716794573e+00 1.315465852563024729e+00 5.000000000000000000e+00
3.388554496284780448e+00 -1.062433704634201392e+00 5.000000000000000000e+00
-3.326012430888029670e+00 -7.437149843453563225e-01 5.000000000000000000e+00
4.319347858022217768e-01 -2.761014508004655532e+00 5.000000000000000000e+00
-1.064456166814753857e+00 -8.099563036177006570e-01 5.000000000000000000e+00
-2.069021224956163696e+00 2.435859713300076557e+00 5.000000000000000000e+00
2.781907463684790915e+00 -1.757553530299944544e+00 5.000000000000000000e+00
2.387968871414282823e+00 2.064018086185463119e+00 5.000000000000000000e+00
-1.031347696718383153e-02 6.830466084456517706e+00 5.000000000000000000e+00
2.290655848507138881e+00 1.771927653016546644e+00 5.000000000000000000e+00
2.264146643510302148e+00 1.172118658163832539e+00 5.000000000000000000e+00
2.725006266586277093e+00 -3.847370163609480365e+00 5.000000000000000000e+00
-1.993875446862712675e+00 -2.714930426787063755e+00 5.000000000000000000e+00
4.599067546205591661e+00 -1.206526234080629756e+00 5.000000000000000000e+00
-3.614907378627962409e+00 -1.725351824806544143e-01 5.000000000000000000e+00
-3.990801223983440060e-01 -1.994517566418472498e-01 5.000000000000000000e+00
1.594849157290417541e+00 -2.806722752602218929e+00 5.000000000000000000e+00
4.163129270631544365e+00 7.172072032095667682e-01 5.000000000000000000e+00
-4.752003752101621181e-01 2.560783950951840970e-01 5.000000000000000000e+00
-1.232199913324726559e+00 -1.098205471059410687e+00 5.000000000000000000e+00
2.382396304371569684e+00 -3.858067373387994992e-01 5.000000000000000000e+00
8.710440636718492780e-01 -9.648187244835895182e-01 5.000000000000000000e+00
-3.938839658089017259e-01 -1.097608811086152159e+00 5.000000000000000000e+00
-6.357253680546156582e-01 1.219409571744864529e+00 5.000000000000000000e+00
-2.156566568780297732e+00 8.536501610480119240e+00 5.000000000000000000e+00
7.191370228757929528e-01 -4.858446212250854046e+00 5.000000000000000000e+00
-1.398429442225927133e+00 -3.270218536901435269e-01 5.000000000000000000e+00
3.761127294870320714e+00 -8.863129284785418172e-01 5.000000000000000000e+00
-3.298253200012790209e+00 -3.534178876497675148e+00 5.000000000000000000e+00
1.100390410288346166e+00 -1.520904482495780474e+00 5.000000000000000000e+00
1.340535974838156452e+00 7.929555702771335923e-01 5.000000000000000000e+00
-3.419161353733127795e-01 -2.209664986630685002e-01 5.000000000000000000e+00
-4.003356172540488145e-01 -1.998175407352444921e+00 5.000000000000000000e+00
2.119778956018614768e-01 8.377860186138865739e-01 5.000000000000000000e+00
4.309250381366756422e+00 -1.409470483042959632e+00 5.000000000000000000e+00
-1.320329608116679321e+00 6.043077758351359741e+00 5.000000000000000000e+00
4.101691109090925269e-01 8.744360497119592346e-02 5.000000000000000000e+00
-2.880730893437861706e+00 -3.867932220997605253e-02 5.000000000000000000e+00
1.724133059428549775e-01 1.508270707878376138e+00 5.000000000000000000e+00
9.943434580636949516e-01 2.983772045768408709e+00 5.000000000000000000e+00
4.017429286373920050e+00 -5.490191525513326010e-01 5.000000000000000000e+00
5.742582458882328211e-01 2.350762713650715874e+00 5.000000000000000000e+00
2.845005991183292338e+00 7.395911222319332401e-01 5.000000000000000000e+00
1.666101877264660081e+00 -2.766305722416901425e+00 5.000000000000000000e+00
2.800134805498930568e+00 1.801815369454540461e+00 5.000000000000000000e+00
1.022817419025772168e+00 8.574287617874458700e-01 5.000000000000000000e+00
-4.824690369846749149e+00 -1.975797161666647206e+00 5.000000000000000000e+00
-1.260621866423916826e+00 1.176974206136060186e+00 5.000000000000000000e+00
-9.137244760638305596e-01 5.927440492580074327e+00 5.000000000000000000e+00
6.981658416364650677e+00 4.603141160943059695e+00 5.000000000000000000e+00
5.194797777501796610e+00 -1.521001490068380146e+00 5.000000000000000000e+00
9.824594406114443013e-01 6.426385269825470870e-01 5.000000000000000000e+00
-1.129839070689864444e+00 4.074823968017389220e+00 5.000000000000000000e+00
3.841260211471109187e+00 -1.238477419740285690e+00 5.000000000000000000e+00
-4.517288065912846706e-01 -3.598879498329443649e+00 5.000000000000000000e+00
-2.285456677277697857e+00 -5.700478830402615493e-01 5.000000000000000000e+00
1.926906500876355732e+00 2.340138163837453877e+00 5.000000000000000000e+00
-4.290752211600099564e+00 -2.914229722536409106e+00 5.000000000000000000e+00
-1.156235632140212077e+00 -2.101029958638748418e+00 5.000000000000000000e+00
2.753003217307006256e+00 2.641832045213573732e+00 5.000000000000000000e+00
-5.426676497157225665e-01 -2.781642366329021954e+00 5.000000000000000000e+00
2.520796270489769619e-01 3.727661622595631469e-02 5.000000000000000000e+00
1.751194362248592817e+00 3.817369729969992243e+00 5.000000000000000000e+00
-4.779980781689984748e-01 -2.391870045243112308e+00 5.000000000000000000e+00
1.436651049551851411e+00 -1.975160466816917371e+00 5.000000000000000000e+00
3.196424459220165160e-01 -1.009904754284719347e-01 5.000000000000000000e+00
-2.829440188318179228e+00 -5.154237888872304829e+00 5.000000000000000000e+00
-9.154486905963714616e-01 -2.431864934257379041e+00 5.000000000000000000e+00
-2.881494652896946285e+00 -6.353642242789734329e-01 5.000000000000000000e+00
-2.169222669311324125e+00 -6.033017757002562265e-01 5.000000000000000000e+00
-5.848489192102242384e+00 -2.992651877108735370e+00 5.000000000000000000e+00
-9.958087331809195586e-01 2.779530153090893574e+00 5.000000000000000000e+00
5.687463448787171139e+00 -6.921958458522610158e+00 5.000000000000000000e+00
-5.185773239536634049e-01 -2.534864035546056993e+00 5.000000000000000000e+00
-5.428535543660876428e+00 1.259206657739327717e+00 5.000000000000000000e+00
-4.507074304568650547e+00 2.478869027389694946e+00 5.000000000000000000e+00
-5.203253218887986087e+00 -3.345745181953255210e-01 5.000000000000000000e+00
6.012064898656991119e+00 -2.605239675458430604e+00 5.000000000000000000e+00
1.369201744438976576e+00 1.737192501566371394e+00 5.000000000000000000e+00
-1.713172317941257794e-01 3.712042823353252974e+00 5.000000000000000000e+00
-4.562842295663003256e+00 2.945003641227278202e+00 5.000000000000000000e+00
-2.621253052856213905e-01 4.871687515414562242e+00 5.000000000000000000e+00
3.224848123679090239e+00 1.139474578883360234e+00 5.000000000000000000e+00
3.624972520586168478e+00 -2.515233849217237694e-01 5.000000000000000000e+00
-4.411293081788603132e+00 5.004500825017517585e+00 5.000000000000000000e+00
2.595270527445975528e+00 -4.080532263601883258e+00 5.000000000000000000e+00
-9.900442538994549402e-01 -1.712621958176725467e+00 5.000000000000000000e+00
1.918993636670863978e+00 2.113739904659354407e-01 5.000000000000000000e+00
5.001630540135837855e+00 2.858465756708044925e+00 5.000000000000000000e+00
6.776303505090687906e+00 3.227898227195180048e-01 5.000000000000000000e+00
1.015889328956885329e+00 -9.480451514012090408e-01 5.000000000000000000e+00
4.961062176940979285e+00 3.162872354746876002e+00 5.000000000000000000e+00
8.469122327975845410e-01 -3.952265773331415377e-01 5.000000000000000000e+00
-1.507091610202972776e+00 -2.612949825495610945e+00 5.000000000000000000e+00
-9.519985870904452696e-01 -1.077674777438671905e+00 5.000000000000000000e+00
-2.207362597591713271e+00 4.115388007093927492e+00 5.000000000000000000e+00
-1.854577618955322915e+00 -3.353437804571591574e+00 5.000000000000000000e+00
8.263346666680484454e-01 -9.599229365962886895e-01 5.000000000000000000e+00
-9.926825016838007887e-01 3.507246309789223915e+00 5.000000000000000000e+00
-3.835134727140884436e+00 2.775233104352690550e+00 5.000000000000000000e+00
8.822658532273626175e-01 2.539268139055055773e+00 5.000000000000000000e+00
6.928715909474156831e+00 -6.054834422172600261e-01 5.000000000000000000e+00
-2.872968519620658689e+00 3.015529975985106859e+00 5.000000000000000000e+00
-3.590720075661064215e+00 3.132481833305426899e-02 5.000000000000000000e+00
-4.685418164351544235e+00 1.361839592631521434e+00 5.000000000000000000e+00
2.427203857558799083e+00 5.049986721978724447e+00 5.000000000000000000e+00
2.736436954529779531e+00 -8.828103236175337543e-01 5.000000000000000000e+00
1.108427511170386959e+00 1.359316130455867411e+00 5.000000000000000000e+00
-5.270211018573266459e-01 -4.618314489776915721e-01 5.000000000000000000e+00
3.409176545420923965e+00 3.859363328065404275e+00 5.000000000000000000e+00
-4.249600273271225248e+00 3.055437717409580145e+00 5.000000000000000000e+00
-3.666333009264731935e+00 2.779445359942125937e-01 5.000000000000000000e+00
2.366404606037928904e+00 -2.777181585571367517e+00 5.000000000000000000e+00
3.338371412475376498e+00 3.249416121282089343e-01 5.000000000000000000e+00
1.776855702004971338e+00 -3.992971258932272449e-01 5.000000000000000000e+00
5.489551882071296518e+00 -6.535441367152021730e-01 5.000000000000000000e+00
3.748680159267695711e+00 -2.633626463948018248e+00 5.000000000000000000e+00
1.799656115882386498e+00 6.265471172367081287e+00 5.000000000000000000e+00
-2.650780943012266189e+00 -4.232961050428284189e+00 5.000000000000000000e+00
-3.824743005317265521e+00 -5.012984172964096707e+00 5.000000000000000000e+00
1.149462044312295816e+00 -3.600960718516662773e+00 5.000000000000000000e+00
-2.446405757225912581e+00 1.622607726534797568e+00 5.000000000000000000e+00
-3.290088288404571099e-02 1.716184119156714427e+00 5.000000000000000000e+00
-1.169844109023542161e-01 -2.065629275549553334e+00 5.000000000000000000e+00
3.937855189540129253e+00 -9.722415197891288940e+00 5.000000000000000000e+00
-1.820641699241027034e+00 1.528501943951027453e+00 5.000000000000000000e+00
1.426396376194147608e+00 -4.622141455952151201e-01 5.000000000000000000e+00
-6.519505846202897636e-01 1.745925464270506211e+00 5.000000000000000000e+00
2.415370162167081336e+00 3.571881924844821476e+00 5.000000000000000000e+00
1.692748175367450703e+00 -2.027214652495923919e-01 5.000000000000000000e+00
-5.400271425346782728e+00 -1.686155465023700728e+00 5.000000000000000000e+00
2.154194836758284826e+00 -5.910079999603293999e+00 5.000000000000000000e+00
9.452343406683880733e-01 5.744416954249149665e-01 5.000000000000000000e+00
-8.482594004912583086e-02 2.377423501998707778e+00 5.000000000000000000e+00
-2.435663365045024065e-01 2.733872483648786655e+00 5.000000000000000000e+00
2.664907102507545034e+00 1.628922529388048712e+00 5.000000000000000000e+00
-1.572346496010499362e+00 -3.038599927307009452e+00 5.000000000000000000e+00
-7.833520856585218795e+00 2.632280959732971493e+00 5.000000000000000000e+00
1.465487067549628319e+00 2.181621327378812314e+00 5.000000000000000000e+00
-2.947137857981298126e+00 -2.152311353130853533e-01 5.000000000000000000e+00
4.020077909931150106e-01 1.705309154877360456e+00 5.000000000000000000e+00
1.066491146707659654e+00 1.536549546415149292e+00 5.000000000000000000e+00
-3.285843151168929221e+00 1.673162041211757600e+00 5.000000000000000000e+00
-2.843649133101350257e-01 2.374351755509804818e+00 5.000000000000000000e+00
-1.916511156950324368e+00 5.096325855141668804e+00 5.000000000000000000e+00
1.415332310701584051e+00 -1.848957760559328534e-01 5.000000000000000000e+00
4.572719232053705340e+00 -1.600604484789306836e+00 5.000000000000000000e+00
-4.538098626351063203e+00 -6.902672784775086612e+00 5.000000000000000000e+00
-4.491162553831890669e+00 -7.313864582012812754e+00 5.000000000000000000e+00
2.231820523287996849e+00 -2.897626193681878792e+00 5.000000000000000000e+00
-2.065837710068004984e+00 2.555425060323242015e+00 5.000000000000000000e+00
1.185006894934688138e+00 3.640746322311060545e+00 5.000000000000000000e+00
-2.074481396252443877e-01 -1.323993902371978892e+00 5.000000000000000000e+00
-2.636630235353949470e+00 5.167852264828898257e+00 5.000000000000000000e+00
-4.048520432244501421e+00 -2.511756855776152153e-01 5.000000000000000000e+00
1.239729511472733137e+00 -1.389293780867778105e+00 5.000000000000000000e+00
-3.834814614579747927e-01 -2.971028465149030851e+00 5.000000000000000000e+00
4.123400124825206348e+00 4.971638485583748102e-01 5.000000000000000000e+00
-1.703100013022868398e+00 2.092792425988501570e+00 5.000000000000000000e+00
5.516779621760203867e+00 2.160749139684463582e+00 5.000000000000000000e+00
-6.511218645272838224e-01 -3.607670970551777323e-01 5.000000000000000000e+00
2.568542001869996483e+00 -1.407109786480501556e-01 5.000000000000000000e+00
-5.822251994049525869e+00 -1.071330689881578868e-01 5.000000000000000000e+00
-3.638634797224532758e+00 1.677381610206153617e+00 5.000000000000000000e+00
-5.760743169932398544e-01 -4.307167537937454327e+00 5.000000000000000000e+00
2.220359207628252118e+00 -1.937959431832352752e+00 5.000000000000000000e+00
5.012256072553213926e+00 2.252836693260650947e+00 5.000000000000000000e+00
-5.630077051263183030e+00 5.452004144099944050e+00 5.000000000000000000e+00
-7.080162225251902530e-01 -7.052459369178315507e-01 5.000000000000000000e+00
-9.095321734951358206e-01 -7.287864844521532159e-01 5.000000000000000000e+00
7.517423511997619601e-01 -1.315900609280914679e+00 5.000000000000000000e+00
-1.113570949281274203e+00 -1.235192250380890977e+00 5.000000000000000000e+00
1.577978119788330247e+00 1.513788160626591495e+00 5.000000000000000000e+00
2.423128945632760711e+00 9.180552641903985678e-02 5.000000000000000000e+00
2.176689373803717409e+00 -3.784809726775121952e+00 5.000000000000000000e+00
-1.876019082046380904e+00 3.775900828049360003e-01 5.000000000000000000e+00
5.986013467355697060e+00 -3.051559692716409700e+00 5.000000000000000000e+00
1.289598383947235138e+00 3.573857939546334350e+00 5.000000000000000000e+00
1.611886694646885054e+00 4.268995953830375001e+00 5.000000000000000000e+00
3.175949836953561700e+00 1.533749355444729456e+00 5.000000000000000000e+00
4.907024834953466197e+00 4.432357013572545412e+00 5.000000000000000000e+00
4.090707354707514121e+00 -2.634396558440093905e+00 5.000000000000000000e+00
2.033434342338805489e+00 -4.507611314046956252e+00 5.000000000000000000e+00
-3.045697517154812850e+00 3.386320651497396472e-01 5.000000000000000000e+00
-3.223767049470219748e-01 1.106536241157806355e+00 5.000000000000000000e+00
3.685162945861391037e+00 -1.365025731679057497e+00 5.000000000000000000e+00
-6.139416769348000180e+00 5.936068282479746161e-01 5.000000000000000000e+00
-8.581605588858409739e-01 2.025807812852621570e+00 5.000000000000000000e+00
8.822445889028931454e-01 -2.555479231285042285e+00 5.000000000000000000e+00
3.648797017091894634e+00 1.799189760233667279e+00 5.000000000000000000e+00
-7.248140496283862477e-01 2.470561849088993844e-01 5.000000000000000000e+00
-1.030177891593291317e+00 3.010680697073198075e+00 5.000000000000000000e+00
-2.163574856893058396e+00 1.203654246251812943e+00 5.000000000000000000e+00
-3.837173677600217214e+00 -2.726842748090609003e+00 5.000000000000000000e+00
-3.008410831490872184e+00 -6.357403038970965703e-02 5.000000000000000000e+00
4.602136853350605072e+00 2.683193297812895395e+00 5.000000000000000000e+00
7.098254660902517665e-01 -8.332543743636074973e-01 5.000000000000000000e+00
1.950653285723185359e-01 -1.062557324772731349e+00 5.000000000000000000e+00
-1.312588736933060218e+00 4.905235431305056792e+00 5.000000000000000000e+00
-2.393717828057175812e+00 3.478151774881257374e-01 5.000000000000000000e+00
-3.765708091045312678e+00 4.529571380806841907e-02 5.000000000000000000e+00
2.578003682774366645e+00 -1.439971380090214970e+00 5.000000000000000000e+00
-3.300282517080835198e+00 4.499635332267581944e+00 5.000000000000000000e+00
2.188235404697401076e+00 -3.080531340367694604e+00 5.000000000000000000e+00
-2.673977861643903609e+00 -3.922873248883834485e+00 5.000000000000000000e+00
6.752995804036547867e+00 4.249637043511288681e+00 5.000000000000000000e+00
-3.774151347284936620e+00 -3.005007971513632192e+00 5.000000000000000000e+00
1.091051474813716116e+00 -4.568359219599970267e+00 5.000000000000000000e+00
3.609913596066655295e+00 -3.294257742694751023e+00 5.000000000000000000e+00
-1.328513449593235196e-01 -1.039117666088253067e+00 5.000000000000000000e+00
5.591462990281669931e+00 -3.977814201046862008e-01 5.000000000000000000e+00
1.378902642541985024e+00 -3.019810715132086543e+00 5.000000000000000000e+00
-1.170859912888551513e+00 2.362988611768401359e+00 5.000000000000000000e+00
3.995952704115305565e+00 -7.718952152123171873e-01 5.000000000000000000e+00
5.036475370610726809e-01 -3.142779643925671107e-01 5.000000000000000000e+00
3.896850705212073329e+00 -4.746207082712926573e-01 5.000000000000000000e+00
-7.995525965666336887e-01 -9.453948517946166863e-01 5.000000000000000000e+00
4.259998416014196265e-01 4.337744155480459440e+00 5.000000000000000000e+00
5.644252564209997658e+00 3.859733045281462438e+00 5.000000000000000000e+00
-5.824705740037912083e-01 5.601311106691230890e+00 5.000000000000000000e+00
-2.909783217102270281e-01 4.874768974809873257e+00 5.000000000000000000e+00
5.509999300896669006e+00 -2.071736278061934389e+00 5.000000000000000000e+00
1.756545285252662791e-01 -1.722102766425611886e+00 5.000000000000000000e+00
1.016083673459823755e+00 2.100217998972666145e+00 5.000000000000000000e+00
-2.799756324211175595e+00 -3.146864852443174598e+00 5.000000000000000000e+00
-4.821081304109635646e+00 -1.145161577266774477e+00 5.000000000000000000e+00
1.111541076473181455e+00 4.223366789781110242e+00 5.000000000000000000e+00
-1.432319376645381892e+00 -2.497084519583008255e+00 5.000000000000000000e+00
1.400407809132212522e+00 9.212500547067765666e+00 5.000000000000000000e+00
-6.586710904191445337e+00 2.360210284655093638e+00 5.000000000000000000e+00
-3.196309565495049743e+00 5.275070659980420906e-01 5.000000000000000000e+00
-7.450486908257841989e+00 3.854920213282996500e+00 5.000000000000000000e+00
-3.307221179328169391e+00 -2.638822627128582177e+00 5.000000000000000000e+00
-4.167303852976128375e+00 3.474606875570692477e+00 5.000000000000000000e+00
3.106172190048555493e+00 4.611394075531950049e-02 5.000000000000000000e+00
3.249781797052555987e+00 2.110930800721757983e+00 5.000000000000000000e+00
4.343123638287695876e-01 -2.114906538063781039e+00 5.000000000000000000e+00
4.102056467805832440e+00 2.899235721126666165e-01 5.000000000000000000e+00
1.716013410252221760e+00 3.511419095682106750e+00 5.000000000000000000e+00
-3.903047716296469183e+00 -2.895200010380751809e+00 5.000000000000000000e+00
-2.285995460037991922e+00 -3.794702170908669236e-01 5.000000000000000000e+00
-1.514609735055702622e+00 1.855834650352888193e+00 5.000000000000000000e+00
-5.630750884181237481e+00 4.906200479349399624e-01 5.000000000000000000e+00
-2.122575827695565853e-01 -2.520206858606597322e+00 5.000000000000000000e+00
4.090903602498171310e+00 2.165708482874096674e+00 5.000000000000000000e+00
4.081278690677959453e+00 2.504390283920824523e+00 5.000000000000000000e+00
7.759070287726657078e-01 1.257810736934151352e+00 5.000000000000000000e+00
-5.697506030400378840e+00 5.744388285986244291e+00 5.000000000000000000e+00
2.424164299483277496e+00 -1.566756847754010806e+00 5.000000000000000000e+00
2.714662476888242360e+00 2.153148836000222666e+00 5.000000000000000000e+00
3.558022790565927629e+00 -1.989265858442145429e+00 5.000000000000000000e+00
2.803195055051535434e+00 -6.934645656707525418e-01 5.000000000000000000e+00
-1.387588540091210687e+00 2.266505051409327898e+00 5.000000000000000000e+00
1.759910426194299937e+00 4.467204746986351838e-01 5.000000000000000000e+00
4.168964923222691965e+00 -1.694987321432701810e+00 5.000000000000000000e+00
-3.004993724772087482e+00 -3.858952197847002719e+00 5.000000000000000000e+00
-5.320049499060018228e+00 1.810987160582762323e+00 5.000000000000000000e+00
2.339138041374337451e+00 -3.156547883328170379e+00 5.000000000000000000e+00
1.211148097192584538e+00 -3.821193747054004497e+00 5.000000000000000000e+00
